Constant -0.351479156

Cluster 1
1,1,1,1,1   
J=-0.46293191

Cluster 2
1,1,1,1,1   2,2,1,1,1   
J=0.061401119

Cluster 3
1,1,1,1,1   2,1,1,1,1   
J=0.067524616

Cluster 4
1,1,1,1,1   1,2,1,1,1   
J=0.067524616

Cluster 5
1,1,1,1,1   3,2,1,1,1   
J=0.012967705

Cluster 6
1,1,1,1,1   2,3,1,1,1   
J=0.012967705

Cluster 7
1,2,1,1,1   2,1,1,1,1   
J=0.044788973

Cluster 8
1,1,1,1,1   3,3,1,1,1   
J=0.017185628

Cluster 9
1,1,1,1,1   3,1,1,1,1   
J=0.012268913

Cluster 10
1,1,1,1,1   1,3,1,1,1   
J=0.012268913

Cluster 11
1,1,1,1,1   4,3,1,1,1   
J=0.008579177

Cluster 12
1,1,1,1,1   3,4,1,1,1   
J=0.008579177

Cluster 13
2,2,1,1,1   1,1,1,1,1   2,1,1,1,1   
J=-0.016926113

Cluster 14
2,2,1,1,1   1,1,1,1,1   1,2,1,1,1   
J=-0.016926113

Cluster 15
2,2,1,1,1   1,1,1,1,1   3,2,1,1,1   
J=-0.004813287

Cluster 16
2,2,1,1,1   1,1,1,1,1   2,3,1,1,1   
J=-0.004813287

Cluster 17
1,2,1,1,1   2,3,1,1,1   1,1,1,1,1   
J=-0.004813287

Cluster 18
2,1,1,1,1   3,2,1,1,1   1,1,1,1,1   
J=-0.004813287

Cluster 19
2,2,1,1,1   1,2,1,1,1   2,1,1,1,1   
J=-0.018523825

Cluster 20
1,1,1,1,1   1,2,1,1,1   2,1,1,1,1   
J=-0.018523825

Cluster 21
2,2,1,1,1   1,1,1,1,1   3,3,1,1,1   
J=0.017202079

Cluster 22
2,1,1,1,1   1,1,1,1,1   3,1,1,1,1   
J=-0.018902958

Cluster 23
1,2,1,1,1   1,1,1,1,1   1,3,1,1,1   
J=-0.018902958

Cluster 24
2,2,1,1,1   1,1,1,1,1   3,1,1,1,1   
J=-0.009045626

Cluster 25
2,2,1,1,1   1,1,1,1,1   1,3,1,1,1   
J=-0.009045626

Cluster 26
1,2,1,1,1   2,3,1,1,1   2,1,1,1,1   
J=-0.009045626

Cluster 27
2,1,1,1,1   3,2,1,1,1   1,2,1,1,1   
J=-0.009045626

Cluster 28
2,2,1,1,1   1,2,1,1,1   2,1,2,1,1   
J=-0.004293467

Cluster 29
2,2,2,1,1   2,1,2,1,1   1,2,1,1,1   
J=-0.004293467

Cluster 30
1,1,1,1,1   1,2,1,1,1   2,1,2,1,1   
J=-0.004293467

Cluster 31
1,1,2,1,1   2,1,2,1,1   1,2,1,1,1   
J=-0.004293467

Cluster 32
3,3,1,1,1   1,1,1,1,1   2,2,2,1,1   
J=0.009630193

Cluster 33
3,3,2,1,1   1,1,2,1,1   2,2,1,1,1   
J=0.009630193

Cluster 34
3,2,2,1,1   1,1,2,1,1   2,3,1,1,1   
J=0.004989894

Cluster 35
2,3,1,1,1   1,1,1,1,1   3,2,2,1,1   
J=0.004989894

Cluster 36
2,1,2,1,1   3,3,2,1,1   1,2,1,1,1   
J=0.004989894

Cluster 37
1,2,1,1,1   3,3,1,1,1   2,1,2,1,1   
J=0.004989894

Cluster 38
2,1,2,1,1   1,1,1,1,1   3,3,1,1,1   
J=-0.005588407

Cluster 39
1,2,1,1,1   1,1,2,1,1   3,3,2,1,1   
J=-0.005588407

Cluster 40
3,2,2,1,1   3,3,1,1,1   1,1,1,1,1   
J=-0.005588407

Cluster 41
2,3,1,1,1   3,3,2,1,1   1,1,2,1,1   
J=-0.005588407

Cluster 42
3,2,1,1,1   1,1,1,1,1   3,1,2,1,1   
J=-0.004053021

Cluster 43
2,3,2,1,1   1,1,2,1,1   1,3,1,1,1   
J=-0.004053021

Cluster 44
1,1,1,1,1   2,3,1,1,1   2,1,2,1,1   
J=-0.004053021

Cluster 45
1,1,2,1,1   3,2,2,1,1   1,2,1,1,1   
J=-0.004053021

Cluster 46
3,2,1,1,1   1,1,1,1,1   2,2,2,1,1   
J=-0.010018939

Cluster 47
2,3,2,1,1   1,1,2,1,1   2,2,1,1,1   
J=-0.010018939

Cluster 48
1,1,1,1,1   2,3,1,1,1   1,2,2,1,1   
J=-0.010018939

Cluster 49
1,1,2,1,1   3,2,2,1,1   2,1,1,1,1   
J=-0.010018939

Cluster 50
2,1,1,1,1   1,1,1,1,1   2,2,2,1,1   
J=-0.006873405

Cluster 51
1,2,2,1,1   1,1,2,1,1   2,2,1,1,1   
J=-0.006873405

Cluster 52
2,1,1,1,1   2,2,1,1,1   1,1,2,1,1   
J=-0.006873405

Cluster 53
1,2,2,1,1   2,2,2,1,1   1,1,1,1,1   
J=-0.006873405

Cluster 54
2,1,1,1,1   1,1,1,1,1   4,3,1,1,1   
J=-0.004208777

Cluster 55
1,2,1,1,1   1,1,1,1,1   3,4,1,1,1   
J=-0.004208777

Cluster 56
3,3,1,1,1   3,4,1,1,1   1,1,1,1,1   
J=-0.004208777

Cluster 57
3,3,1,1,1   4,3,1,1,1   1,1,1,1,1   
J=-0.004208777

Cluster 58
2,2,1,1,1   1,1,1,1,1   4,3,1,1,1   
J=-0.004483101

Cluster 59
2,2,1,1,1   1,1,1,1,1   3,4,1,1,1   
J=-0.004483101

Cluster 60
2,3,1,1,1   3,4,1,1,1   1,1,1,1,1   
J=-0.004483101

Cluster 61
3,2,1,1,1   4,3,1,1,1   1,1,1,1,1   
J=-0.004483101

Cluster 62
3,2,1,1,1   1,1,1,1,1   3,4,1,1,1   
J=0.00726925

Cluster 63
2,3,1,1,1   1,1,1,1,1   4,3,1,1,1   
J=0.00726925

Cluster 64
3,1,1,1,1   4,3,1,1,1   1,1,1,1,1   
J=0.00726925

Cluster 65
1,3,1,1,1   3,4,1,1,1   1,1,1,1,1   
J=0.00726925

Cluster 66
2,1,1,1,1   1,2,1,1,1   4,4,1,1,1   
J=-0.009315824

Cluster 67
4,3,1,1,1   3,4,1,1,1   1,1,1,1,1   
J=-0.009315824

Cluster 68
2,1,1,1,1   1,2,1,1,1   4,3,1,1,1   
J=0.008195638

Cluster 69
1,2,1,1,1   2,1,1,1,1   3,4,1,1,1   
J=0.008195638

Cluster 70
3,3,1,1,1   2,4,1,1,1   1,1,1,1,1   
J=0.008195638

Cluster 71
3,3,1,1,1   4,2,1,1,1   1,1,1,1,1   
J=0.008195638

Cluster 72
2,1,1,1,1   1,1,1,1,1   4,2,1,1,1   
J=-0.006100551

Cluster 73
1,2,1,1,1   1,1,1,1,1   2,4,1,1,1   
J=-0.006100551

Cluster 74
2,3,1,1,1   2,4,1,1,1   1,1,1,1,1   
J=-0.006100551

Cluster 75
3,2,1,1,1   4,2,1,1,1   1,1,1,1,1   
J=-0.006100551

Cluster 76
2,1,1,1,1   1,1,1,1,1   3,4,1,1,1   
J=0.015705983

Cluster 77
1,2,1,1,1   1,1,1,1,1   4,3,1,1,1   
J=0.015705983

Cluster 78
4,2,1,1,1   4,3,1,1,1   1,1,1,1,1   
J=0.015705983

Cluster 79
2,4,1,1,1   3,4,1,1,1   1,1,1,1,1   
J=0.015705983

Cluster 80
2,1,2,1,1   1,2,1,1,1   4,3,1,1,1   
J=0.004401553

Cluster 81
1,2,1,1,1   2,1,2,1,1   3,4,2,1,1   
J=0.004401553

Cluster 82
3,3,2,1,1   2,4,1,1,1   1,1,1,1,1   
J=0.004401553

Cluster 83
3,3,1,1,1   4,2,2,1,1   1,1,2,1,1   
J=0.004401553

Cluster 84
3,2,2,1,1   1,1,2,1,1   3,3,1,1,1   
J=-0.004871999

Cluster 85
2,3,1,1,1   1,1,1,1,1   3,3,2,1,1   
J=-0.004871999

Cluster 86
2,1,2,1,1   3,3,2,1,1   1,1,1,1,1   
J=-0.004871999

Cluster 87
1,2,1,1,1   3,3,1,1,1   1,1,2,1,1   
J=-0.004871999

Cluster 88
2,1,1,1,1   1,2,1,1,1   3,1,2,1,1   
J=-0.009938767

Cluster 89
1,2,2,1,1   2,1,2,1,1   1,3,1,1,1   
J=-0.009938767

Cluster 90
2,2,1,1,1   1,3,1,1,1   2,1,2,1,1   
J=-0.009938767

Cluster 91
2,2,2,1,1   3,1,2,1,1   1,2,1,1,1   
J=-0.009938767

Cluster 92
2,2,1,1,1   1,2,1,1,1   3,1,2,1,1   
J=0.013215503

Cluster 93
2,2,2,1,1   2,1,2,1,1   1,3,1,1,1   
J=0.013215503

Cluster 94
1,2,1,1,1   1,3,1,1,1   2,1,2,1,1   
J=0.013215503

Cluster 95
2,1,2,1,1   3,1,2,1,1   1,2,1,1,1   
J=0.013215503

Cluster 96
2,3,1,1,1   1,3,1,1,1   2,1,2,1,1   
J=0.004771909

Cluster 97
3,2,2,1,1   3,1,2,1,1   1,2,1,1,1   
J=0.004771909

Cluster 98
1,1,1,1,1   1,2,1,1,1   3,1,2,1,1   
J=0.004771909

Cluster 99
1,1,2,1,1   2,1,2,1,1   1,3,1,1,1   
J=0.004771909

Cluster 100
3,3,1,1,1   1,3,1,1,1   2,1,2,1,1   
J=-0.007224535

Cluster 101
3,3,2,1,1   3,1,2,1,1   1,2,1,1,1   
J=-0.007224535

Cluster 102
1,1,1,1,1   1,3,1,1,1   3,2,2,1,1   
J=-0.007224535

Cluster 103
1,1,2,1,1   3,1,2,1,1   2,3,1,1,1   
J=-0.007224535

Cluster 104
3,2,2,1,1   1,2,1,1,1   3,1,1,1,1   
J=0.005774622

Cluster 105
2,3,1,1,1   2,1,2,1,1   1,3,2,1,1   
J=0.005774622

Cluster 106
1,1,2,1,1   1,3,1,1,1   2,1,1,1,1   
J=0.005774622

Cluster 107
1,1,1,1,1   3,1,2,1,1   1,2,2,1,1   
J=0.005774622

Cluster 108
3,3,1,1,1   1,2,1,1,1   3,1,1,1,1   
J=-0.00476921

Cluster 109
3,3,1,1,1   2,1,1,1,1   1,3,1,1,1   
J=-0.00476921

Cluster 110
1,1,1,1,1   2,3,1,1,1   3,1,1,1,1   
J=-0.00476921

Cluster 111
1,1,1,1,1   3,2,1,1,1   1,3,1,1,1   
J=-0.00476921

Cluster 112
2,1,2,1,1   1,2,1,1,1   3,1,1,1,1   
J=-0.00532456

Cluster 113
1,2,1,1,1   2,1,2,1,1   1,3,2,1,1   
J=-0.00532456

Cluster 114
2,2,2,1,1   1,3,1,1,1   2,1,1,1,1   
J=-0.00532456

Cluster 115
2,2,1,1,1   3,1,2,1,1   1,2,2,1,1   
J=-0.00532456

Cluster 116
2,3,1,1,1   1,3,1,1,1   2,1,1,1,1   
J=0.007560289

Cluster 117
3,2,1,1,1   3,1,1,1,1   1,2,1,1,1   
J=0.007560289

Cluster 118
1,1,1,1,1   1,2,1,1,1   3,1,1,1,1   
J=0.007560289

Cluster 119
1,1,1,1,1   2,1,1,1,1   1,3,1,1,1   
J=0.007560289

Cluster 120
4,2,2,1,1   3,2,1,1,1   1,1,2,1,1   
J=0.005661027

Cluster 121
2,4,1,1,1   2,3,2,1,1   1,1,1,1,1   
J=0.005661027

Cluster 122
1,1,2,1,1   1,2,1,1,1   2,4,2,1,1   
J=0.005661027

Cluster 123
1,1,1,1,1   2,1,2,1,1   4,2,1,1,1   
J=0.005661027

Cluster 124
4,3,2,1,1   3,2,1,1,1   1,1,2,1,1   
J=-0.004243319

Cluster 125
3,4,1,1,1   2,3,2,1,1   1,1,1,1,1   
J=-0.004243319

Cluster 126
1,1,2,1,1   2,2,1,1,1   3,4,2,1,1   
J=-0.004243319

Cluster 127
1,1,1,1,1   2,2,2,1,1   4,3,1,1,1   
J=-0.004243319

Cluster 128
2,2,2,1,1   1,1,2,1,1   3,2,1,1,1   
J=-0.005685052

Cluster 129
2,2,1,1,1   1,1,1,1,1   2,3,2,1,1   
J=-0.005685052

Cluster 130
1,2,2,1,1   2,3,2,1,1   1,1,1,1,1   
J=-0.005685052

Cluster 131
2,1,1,1,1   3,2,1,1,1   1,1,2,1,1   
J=-0.005685052

Cluster 132
3,3,2,1,1   1,1,2,1,1   3,2,1,1,1   
J=-0.003983256

Cluster 133
3,3,1,1,1   1,1,1,1,1   2,3,2,1,1   
J=-0.003983256

Cluster 134
1,1,2,1,1   3,3,2,1,1   2,1,1,1,1   
J=-0.003983256

Cluster 135
1,1,1,1,1   3,3,1,1,1   1,2,2,1,1   
J=-0.003983256

Cluster 136
1,1,2,1,1   1,1,1,1,1   4,2,2,1,1   
J=-0.004695051

Cluster 137
1,1,1,1,1   1,1,2,1,1   2,4,1,1,1   
J=-0.004695051

Cluster 138
2,4,2,1,1   2,4,1,1,1   1,1,2,1,1   
J=-0.004695051

Cluster 139
4,2,1,1,1   4,2,2,1,1   1,1,1,1,1   
J=-0.004695051

Cluster 140
2,1,1,1,1   1,1,1,1,1   4,2,2,1,1   
J=0.00501193

Cluster 141
1,2,2,1,1   1,1,2,1,1   2,4,1,1,1   
J=0.00501193

Cluster 142
2,3,1,1,1   2,4,1,1,1   1,1,2,1,1   
J=0.00501193

Cluster 143
3,2,2,1,1   4,2,2,1,1   1,1,1,1,1   
J=0.00501193

Cluster 144
2,1,1,1,1   1,2,1,1,1   4,3,2,1,1   
J=0.012606685

Cluster 145
1,2,2,1,1   2,1,2,1,1   3,4,1,1,1   
J=0.012606685

Cluster 146
3,3,1,1,1   2,4,1,1,1   1,1,2,1,1   
J=0.012606685

Cluster 147
3,3,2,1,1   4,2,2,1,1   1,1,1,1,1   
J=0.012606685

Cluster 148
2,1,1,1,1   1,1,1,1,1   4,4,1,1,1   
J=0.018496572

Cluster 149
1,2,1,1,1   1,1,1,1,1   4,4,1,1,1   
J=0.018496572

Cluster 150
4,3,1,1,1   4,4,1,1,1   1,1,1,1,1   
J=0.018496572

Cluster 151
3,4,1,1,1   4,4,1,1,1   1,1,1,1,1   
J=0.018496572

Cluster 152
3,1,1,1,1   1,1,1,1,1   4,4,1,1,1   
J=-0.004059783

Cluster 153
1,3,1,1,1   1,1,1,1,1   4,4,1,1,1   
J=-0.004059783

Cluster 154
4,2,1,1,1   4,4,1,1,1   1,1,1,1,1   
J=-0.004059783

Cluster 155
2,4,1,1,1   4,4,1,1,1   1,1,1,1,1   
J=-0.004059783

Cluster 156
3,2,1,1,1   1,1,1,1,1   4,3,2,1,1   
J=-0.007316016

Cluster 157
2,3,2,1,1   1,1,2,1,1   3,4,1,1,1   
J=-0.007316016

Cluster 158
2,2,1,1,1   3,4,1,1,1   1,1,2,1,1   
J=-0.007316016

Cluster 159
2,2,2,1,1   4,3,2,1,1   1,1,1,1,1   
J=-0.007316016

Cluster 160
2,1,2,1,1   1,1,1,1,1   4,1,2,1,1   
J=0.013374065

Cluster 161
1,2,1,1,1   1,1,2,1,1   1,4,1,1,1   
J=0.013374065

Cluster 162
1,3,2,1,1   1,4,1,1,1   1,1,2,1,1   
J=0.013374065

Cluster 163
3,1,1,1,1   4,1,2,1,1   1,1,1,1,1   
J=0.013374065

Cluster 164
2,1,1,1,1   1,2,1,1,1   4,2,2,1,1   
J=-0.005837682

Cluster 165
1,2,2,1,1   2,1,2,1,1   2,4,1,1,1   
J=-0.005837682

Cluster 166
2,3,1,1,1   1,4,1,1,1   1,1,2,1,1   
J=-0.005837682

Cluster 167
3,2,2,1,1   4,1,2,1,1   1,1,1,1,1   
J=-0.005837682

Cluster 168
2,4,2,1,1   1,4,1,1,1   1,1,2,1,1   
J=0.00625444

Cluster 169
4,2,1,1,1   4,1,2,1,1   1,1,1,1,1   
J=0.00625444

Cluster 170
1,1,2,1,1   1,2,1,1,1   4,2,2,1,1   
J=0.00625444

Cluster 171
1,1,1,1,1   2,1,2,1,1   2,4,1,1,1   
J=0.00625444

Cluster 172
3,2,2,1,1   1,2,2,1,1   2,1,1,1,1   
J=0.007043871

Cluster 173
2,3,1,1,1   2,1,1,1,1   1,2,2,1,1   
J=0.007043871

Cluster 174
1,1,2,1,1   1,3,2,1,1   2,2,1,1,1   
J=0.007043871

Cluster 175
1,1,1,1,1   3,1,1,1,1   2,2,2,1,1   
J=0.007043871

Cluster 176
2,2,2,1,1   1,2,2,1,1   2,1,1,1,1   
J=-0.007183205

Cluster 177
2,2,1,1,1   2,1,1,1,1   1,2,2,1,1   
J=-0.007183205

Cluster 178
1,1,2,1,1   1,2,2,1,1   2,1,1,1,1   
J=-0.007183205

Cluster 179
1,1,1,1,1   2,1,1,1,1   1,2,2,1,1   
J=-0.007183205

Cluster 180
4,3,2,1,1   1,2,2,1,1   2,1,1,1,1   
J=0.004514574

Cluster 181
3,4,1,1,1   2,1,1,1,1   1,2,2,1,1   
J=0.004514574

Cluster 182
1,1,2,1,1   2,4,2,1,1   3,3,1,1,1   
J=0.004514574

Cluster 183
1,1,1,1,1   4,2,1,1,1   3,3,2,1,1   
J=0.004514574

Cluster 184
2,4,1,1,1   1,4,1,1,1   1,1,1,1,1   
J=-0.004744996

Cluster 185
4,2,1,1,1   4,1,1,1,1   1,1,1,1,1   
J=-0.004744996

Cluster 186
1,1,1,1,1   1,2,1,1,1   4,2,1,1,1   
J=-0.004744996

Cluster 187
1,1,1,1,1   2,1,1,1,1   2,4,1,1,1   
J=-0.004744996

Cluster 188
3,2,2,1,1   1,1,2,1,1   3,1,1,1,1   
J=0.006039575

Cluster 189
2,3,1,1,1   1,1,1,1,1   1,3,2,1,1   
J=0.006039575

Cluster 190
1,1,2,1,1   2,3,2,1,1   2,1,1,1,1   
J=0.006039575

Cluster 191
1,1,1,1,1   3,2,1,1,1   1,2,2,1,1   
J=0.006039575

Cluster 192
3,1,2,1,1   1,1,2,1,1   4,3,1,1,1   
J=0.005296455

Cluster 193
1,3,1,1,1   1,1,1,1,1   3,4,2,1,1   
J=0.005296455

Cluster 194
3,2,2,1,1   3,4,2,1,1   1,1,1,1,1   
J=0.005296455

Cluster 195
2,3,1,1,1   4,3,1,1,1   1,1,2,1,1   
J=0.005296455

Cluster 196
3,2,2,1,1   1,1,2,1,1   4,3,1,1,1   
J=-0.004860747

Cluster 197
2,3,1,1,1   1,1,1,1,1   3,4,2,1,1   
J=-0.004860747

Cluster 198
2,2,2,1,1   3,4,2,1,1   1,1,1,1,1   
J=-0.004860747

Cluster 199
2,2,1,1,1   4,3,1,1,1   1,1,2,1,1   
J=-0.004860747

Cluster 200
3,1,2,1,1   1,1,1,1,1   5,3,1,1,1   
J=0.004979822

Cluster 201
1,3,1,1,1   1,1,2,1,1   3,5,2,1,1   
J=0.004979822

Cluster 202
3,3,2,1,1   3,5,1,1,1   1,1,1,1,1   
J=0.004979822

Cluster 203
3,3,1,1,1   5,3,2,1,1   1,1,2,1,1   
J=0.004979822

Cluster 204
2,2,1,1,1   1,3,1,1,1   3,1,2,1,1   
J=-0.007947262

Cluster 205
2,2,2,1,1   3,1,2,1,1   1,3,1,1,1   
J=-0.007947262

Cluster 206
3,2,2,1,1   1,1,2,1,1   4,4,1,1,1   
J=0.007077671

Cluster 207
2,3,1,1,1   1,1,1,1,1   4,4,2,1,1   
J=0.007077671

Cluster 208
3,2,2,1,1   4,4,2,1,1   1,1,1,1,1   
J=0.007077671

Cluster 209
2,3,1,1,1   4,4,1,1,1   1,1,2,1,1   
J=0.007077671

Cluster 210
3,1,2,1,1   1,1,1,1,1   4,4,2,1,1   
J=-0.015544084

Cluster 211
1,3,1,1,1   1,1,2,1,1   4,4,1,1,1   
J=-0.015544084

Cluster 212
4,2,2,1,1   4,4,1,1,1   1,1,2,1,1   
J=-0.015544084

Cluster 213
2,4,1,1,1   4,4,2,1,1   1,1,1,1,1   
J=-0.015544084

Cluster 214
3,3,1,1,1   1,1,1,1,1   4,4,2,1,1   
J=-0.008119152

Cluster 215
3,3,2,1,1   1,1,2,1,1   4,4,1,1,1   
J=-0.008119152

Cluster 216
2,2,1,1,1   4,4,1,1,1   1,1,2,1,1   
J=-0.008119152

Cluster 217
2,2,2,1,1   4,4,2,1,1   1,1,1,1,1   
J=-0.008119152

Cluster 218
2,2,1,1,1   1,1,1,1,1   5,4,1,1,1   
J=-0.017448629

Cluster 219
2,2,1,1,1   1,1,1,1,1   4,5,1,1,1   
J=-0.017448629

Cluster 220
3,4,1,1,1   4,5,1,1,1   1,1,1,1,1   
J=-0.017448629

Cluster 221
4,3,1,1,1   5,4,1,1,1   1,1,1,1,1   
J=-0.017448629

Cluster 222
3,2,1,1,1   1,1,1,1,1   4,5,1,1,1   
J=0.016069956

Cluster 223
2,3,1,1,1   1,1,1,1,1   5,4,1,1,1   
J=0.016069956

Cluster 224
4,2,1,1,1   5,4,1,1,1   1,1,1,1,1   
J=0.016069956

Cluster 225
2,4,1,1,1   4,5,1,1,1   1,1,1,1,1   
J=0.016069956

Cluster 226
3,3,2,1,1   1,2,1,1,1   2,1,3,1,1   
J=-0.014148469

Cluster 227
1,1,2,1,1   2,3,1,1,1   3,2,3,1,1   
J=-0.014148469

Cluster 228
3,4,2,1,1   1,4,1,1,1   2,1,2,1,1   
J=-0.007467188

Cluster 229
4,3,1,1,1   4,1,2,1,1   1,2,1,1,1   
J=-0.007467188

Cluster 230
1,1,2,1,1   1,3,1,1,1   4,2,2,1,1   
J=-0.007467188

Cluster 231
1,1,1,1,1   3,1,2,1,1   2,4,1,1,1   
J=-0.007467188

Cluster 232
2,1,2,1,1   1,1,1,1,1   5,3,2,1,1   
J=-0.008363362

Cluster 233
1,2,1,1,1   1,1,2,1,1   3,5,1,1,1   
J=-0.008363362

Cluster 234
3,4,2,1,1   3,5,1,1,1   1,1,2,1,1   
J=-0.008363362

Cluster 235
4,3,1,1,1   5,3,2,1,1   1,1,1,1,1   
J=-0.008363362

Cluster 236
3,3,1,1,1   1,1,1,1,1   5,3,2,1,1   
J=0.008825705

Cluster 237
3,3,2,1,1   1,1,2,1,1   3,5,1,1,1   
J=0.008825705

Cluster 238
1,3,1,1,1   3,5,1,1,1   1,1,2,1,1   
J=0.008825705

Cluster 239
3,1,2,1,1   5,3,2,1,1   1,1,1,1,1   
J=0.008825705

Cluster 240
2,1,2,1,1   1,1,1,1,1   5,2,2,1,1   
J=0.004311231

Cluster 241
1,2,1,1,1   1,1,2,1,1   2,5,1,1,1   
J=0.004311231

Cluster 242
2,4,2,1,1   2,5,1,1,1   1,1,2,1,1   
J=0.004311231

Cluster 243
4,2,1,1,1   5,2,2,1,1   1,1,1,1,1   
J=0.004311231

Cluster 244
3,1,1,1,1   1,1,1,1,1   5,2,2,1,1   
J=-0.004248733

Cluster 245
1,3,2,1,1   1,1,2,1,1   2,5,1,1,1   
J=-0.004248733

Cluster 246
2,3,1,1,1   2,5,1,1,1   1,1,2,1,1   
J=-0.004248733

Cluster 247
3,2,2,1,1   5,2,2,1,1   1,1,1,1,1   
J=-0.004248733

Cluster 248
3,1,2,1,1   1,1,2,1,1   4,2,1,1,1   
J=-0.005585052

Cluster 249
1,3,1,1,1   1,1,1,1,1   2,4,2,1,1   
J=-0.005585052

Cluster 250
2,2,2,1,1   2,4,2,1,1   1,1,1,1,1   
J=-0.005585052

Cluster 251
2,2,1,1,1   4,2,1,1,1   1,1,2,1,1   
J=-0.005585052

Cluster 252
3,2,2,1,1   1,1,2,1,1   4,2,1,1,1   
J=0.007904355

Cluster 253
2,3,1,1,1   1,1,1,1,1   2,4,2,1,1   
J=0.007904355

Cluster 254
1,2,2,1,1   2,4,2,1,1   1,1,1,1,1   
J=0.007904355

Cluster 255
2,1,1,1,1   4,2,1,1,1   1,1,2,1,1   
J=0.007904355

Cluster 256
1,1,2,1,1   1,1,1,1,1   2,4,2,1,1   
J=-0.004512527

Cluster 257
1,1,1,1,1   1,1,2,1,1   4,2,1,1,1   
J=-0.004512527

Cluster 258
4,2,2,1,1   4,2,1,1,1   1,1,2,1,1   
J=-0.004512527

Cluster 259
2,4,1,1,1   2,4,2,1,1   1,1,1,1,1   
J=-0.004512527

Cluster 260
3,4,1,1,1   2,4,2,1,1   1,1,1,1,1   
J=0.010988126

Cluster 261
4,3,2,1,1   4,2,1,1,1   1,1,2,1,1   
J=0.010988126

Cluster 262
1,1,1,1,1   1,2,2,1,1   4,3,1,1,1   
J=0.010988126

Cluster 263
1,1,2,1,1   2,1,1,1,1   3,4,2,1,1   
J=0.010988126

Cluster 264
2,3,2,1,1   1,3,1,1,1   1,1,3,1,1   
J=-0.004091031

Cluster 265
3,2,2,1,1   3,1,3,1,1   1,1,1,1,1   
J=-0.004091031

Cluster 266
1,1,2,1,1   1,2,1,1,1   3,2,3,1,1   
J=-0.004091031

Cluster 267
1,1,2,1,1   2,1,3,1,1   2,3,1,1,1   
J=-0.004091031

Cluster 268
2,1,2,1,1   1,1,1,1,1   1,1,3,1,1   
J=0.00728733

Cluster 269
1,2,2,1,1   1,1,3,1,1   1,1,1,1,1   
J=0.00728733

Cluster 270
1,1,2,1,1   1,2,1,1,1   1,2,3,1,1   
J=0.00728733

Cluster 271
1,1,2,1,1   2,1,3,1,1   2,1,1,1,1   
J=0.00728733

Cluster 272
3,2,2,1,1   1,1,1,1,1   2,2,3,1,1   
J=0.005494192

Cluster 273
2,3,2,1,1   1,1,3,1,1   2,2,1,1,1   
J=0.005494192

Cluster 274
1,1,2,1,1   2,3,1,1,1   1,2,3,1,1   
J=0.005494192

Cluster 275
1,1,2,1,1   3,2,3,1,1   2,1,1,1,1   
J=0.005494192

Cluster 276
2,1,2,1,1   1,2,1,1,1   5,2,2,1,1   
J=0.00546356

Cluster 277
1,2,1,1,1   2,1,2,1,1   2,5,1,1,1   
J=0.00546356

Cluster 278
2,4,2,1,1   1,5,1,1,1   1,1,2,1,1   
J=0.00546356

Cluster 279
4,2,1,1,1   5,1,2,1,1   1,1,1,1,1   
J=0.00546356

Cluster 280
2,1,2,1,1   1,1,1,1,1   4,2,3,1,1   
J=0.003943651

Cluster 281
1,2,2,1,1   1,1,3,1,1   2,4,1,1,1   
J=0.003943651

Cluster 282
2,3,2,1,1   2,4,1,1,1   1,1,3,1,1   
J=0.003943651

Cluster 283
3,2,2,1,1   4,2,3,1,1   1,1,1,1,1   
J=0.003943651

Cluster 284
2,1,2,1,1   1,2,1,1,1   4,3,3,1,1   
J=-0.0067529

Cluster 285
1,2,2,1,1   2,1,3,1,1   3,4,1,1,1   
J=-0.0067529

Cluster 286
3,3,2,1,1   2,4,1,1,1   1,1,3,1,1   
J=-0.0067529

Cluster 287
3,3,2,1,1   4,2,3,1,1   1,1,1,1,1   
J=-0.0067529

