Constant -0.151379206141

Cluster 1
1,1,1,2,1   
J=0.0352053755639

Cluster 2
1,1,1,1,1   
J=0.0352053755639

Cluster 3
1,2,2,2,1   2,1,1,1,1   
J=0.0154118445682

Cluster 4
1,1,1,1,1   1,2,2,2,1   
J=0.0154118445682

Cluster 5
1,1,1,1,1   1,2,1,2,1   
J=0.0154118445682

Cluster 6
1,1,1,1,1   1,1,2,2,1   
J=0.0154118445682

Cluster 7
1,1,1,2,1   2,1,1,2,1   
J=0.00881595800736

Cluster 8
1,1,1,1,1   2,1,1,1,1   
J=0.00881595800736

Cluster 9
1,1,2,2,1   2,1,1,2,1   
J=0.00881595800736

Cluster 10
1,1,2,1,1   2,1,1,1,1   
J=0.00881595800736

Cluster 11
1,2,1,2,1   2,1,1,2,1   
J=0.00881595800736

Cluster 12
1,2,1,1,1   2,1,1,1,1   
J=0.00881595800736

Cluster 13
1,1,1,1,1   1,2,1,1,1   
J=0.00881595800736

Cluster 14
1,1,1,2,1   1,2,1,2,1   
J=0.00881595800736

Cluster 15
1,1,2,1,1   1,2,1,1,1   
J=0.00881595800736

Cluster 16
1,1,2,2,1   1,2,1,2,1   
J=0.00881595800736

Cluster 17
1,1,1,1,1   1,1,2,1,1   
J=0.00881595800736

Cluster 18
1,1,1,2,1   1,1,2,2,1   
J=0.00881595800736

Cluster 19
1,1,2,2,1   2,1,1,1,1   
J=-0.00416655455411

Cluster 20
1,2,1,2,1   2,1,1,1,1   
J=-0.00416655455411

Cluster 21
1,1,1,1,1   2,2,1,2,1   
J=-0.00416655455411

Cluster 22
1,1,1,1,1   2,1,2,2,1   
J=-0.00416655455411

Cluster 23
1,1,3,2,1   2,1,1,1,1   
J=-0.00416655455411

Cluster 24
1,2,3,2,1   2,1,1,1,1   
J=-0.00416655455411

Cluster 25
1,1,1,1,1   2,1,1,2,1   
J=-0.00416655455411

Cluster 26
1,3,1,2,1   2,1,1,1,1   
J=-0.00416655455411

Cluster 27
1,3,2,2,1   2,1,1,1,1   
J=-0.00416655455411

Cluster 28
1,1,1,1,1   1,3,1,2,1   
J=-0.00416655455411

Cluster 29
1,1,1,2,1   1,1,1,1,1   
J=-0.00416655455411

Cluster 30
1,1,3,2,1   1,1,1,1,1   
J=-0.00416655455411

Cluster 31
1,1,2,2,1   2,2,1,2,1   
J=0.00138802128604

Cluster 32
1,2,1,2,1   2,1,2,2,1   
J=0.00138802128604

Cluster 33
1,1,2,1,1   2,2,1,1,1   
J=0.00138802128604

Cluster 34
1,2,1,1,1   2,1,2,1,1   
J=0.00138802128604

Cluster 35
1,2,2,2,1   2,1,1,2,1   
J=0.00138802128604

Cluster 36
1,2,2,1,1   2,1,1,1,1   
J=0.00138802128604

Cluster 37
1,1,3,2,1   3,1,1,1,1   
J=0.000378333769508

Cluster 38
1,3,1,2,1   3,1,1,1,1   
J=0.000378333769508

Cluster 39
1,1,1,1,1   2,3,1,2,1   
J=0.000378333769508

Cluster 40
1,1,1,1,1   2,1,3,2,1   
J=0.000378333769508

Cluster 41
1,3,3,2,1   3,1,1,1,1   
J=0.000378333769508

Cluster 42
1,1,2,1,1   2,3,1,2,1   
J=0.000378333769508

Cluster 43
1,1,2,1,1   2,1,1,2,1   
J=0.000378333769508

Cluster 44
1,2,1,1,1   2,1,3,2,1   
J=0.000378333769508

Cluster 45
1,2,1,1,1   2,1,1,2,1   
J=0.000378333769508

Cluster 46
1,1,3,2,1   2,2,1,1,1   
J=0.000378333769508

Cluster 47
2,1,1,1,1   1,3,3,2,1   
J=0.000378333769508

Cluster 48
2,1,2,1,1   1,3,1,2,1   
J=0.000378333769508

Cluster 49
1,1,1,2,1   2,1,1,1,1   
J=-0.00110476585305

Cluster 50
1,1,1,1,1   3,1,1,2,1   
J=-0.00110476585305

Cluster 51
1,1,4,2,1   2,1,1,1,1   
J=-0.00110476585305

Cluster 52
1,4,1,2,1   2,1,1,1,1   
J=-0.00110476585305

Cluster 53
1,1,1,2,1   3,1,1,2,1   
J=-7.80644270384e-05

Cluster 54
1,1,1,1,1   3,1,1,1,1   
J=-7.80644270384e-05

Cluster 55
1,1,3,2,1   3,1,1,2,1   
J=-7.80644270384e-05

Cluster 56
1,1,3,1,1   3,1,1,1,1   
J=-7.80644270384e-05

Cluster 57
1,3,1,2,1   3,1,1,2,1   
J=-7.80644270384e-05

Cluster 58
1,3,1,1,1   3,1,1,1,1   
J=-7.80644270384e-05

Cluster 59
1,1,1,1,1   1,3,1,1,1   
J=-7.80644270384e-05

Cluster 60
1,1,1,2,1   1,3,1,2,1   
J=-7.80644270384e-05

Cluster 61
1,1,3,1,1   1,3,1,1,1   
J=-7.80644270384e-05

Cluster 62
1,1,3,2,1   1,3,1,2,1   
J=-7.80644270384e-05

Cluster 63
1,1,1,1,1   1,1,3,1,1   
J=-7.80644270384e-05

Cluster 64
1,1,1,2,1   1,1,3,2,1   
J=-7.80644270384e-05

Cluster 65
1,1,2,2,1   3,1,1,1,1   
J=-0.000747924664599

Cluster 66
1,2,1,2,1   3,1,1,1,1   
J=-0.000747924664599

Cluster 67
1,1,1,1,1   3,2,1,2,1   
J=-0.000747924664599

Cluster 68
1,1,1,1,1   3,1,2,2,1   
J=-0.000747924664599

Cluster 69
1,1,4,2,1   3,1,1,1,1   
J=-0.000747924664599

Cluster 70
1,2,4,2,1   3,1,1,1,1   
J=-0.000747924664599

Cluster 71
1,1,2,1,1   3,2,1,2,1   
J=-0.000747924664599

Cluster 72
1,1,2,1,1   3,1,1,2,1   
J=-0.000747924664599

Cluster 73
1,4,1,2,1   3,1,1,1,1   
J=-0.000747924664599

Cluster 74
1,4,2,2,1   3,1,1,1,1   
J=-0.000747924664599

Cluster 75
1,2,1,1,1   3,1,2,2,1   
J=-0.000747924664599

Cluster 76
1,2,1,1,1   3,1,1,2,1   
J=-0.000747924664599

Cluster 77
1,1,1,1,1   1,4,1,2,1   
J=-0.000747924664599

Cluster 78
1,1,2,2,1   2,2,1,1,1   
J=-0.000747924664599

Cluster 79
2,1,1,1,1   1,4,2,2,1   
J=-0.000747924664599

Cluster 80
1,1,1,2,1   1,2,1,1,1   
J=-0.000747924664599

Cluster 81
1,1,2,1,1   1,4,1,2,1   
J=-0.000747924664599

Cluster 82
1,1,4,2,1   2,2,1,1,1   
J=-0.000747924664599

Cluster 83
2,1,2,1,1   1,4,1,2,1   
J=-0.000747924664599

Cluster 84
1,1,4,2,1   1,2,1,1,1   
J=-0.000747924664599

Cluster 85
1,1,1,1,1   1,1,4,2,1   
J=-0.000747924664599

Cluster 86
2,1,1,1,1   1,2,4,2,1   
J=-0.000747924664599

Cluster 87
1,2,1,2,1   2,1,2,1,1   
J=-0.000747924664599

Cluster 88
1,1,1,2,1   1,1,2,1,1   
J=-0.000747924664599

Cluster 89
1,2,3,2,1   4,1,1,1,1   
J=-1.14339063646e-05

Cluster 90
1,3,2,2,1   4,1,1,1,1   
J=-1.14339063646e-05

Cluster 91
1,1,1,1,1   2,3,2,2,1   
J=-1.14339063646e-05

Cluster 92
1,1,1,1,1   2,2,3,2,1   
J=-1.14339063646e-05

Cluster 93
1,3,3,2,1   4,1,1,1,1   
J=-1.14339063646e-05

Cluster 94
1,1,3,1,1   2,3,1,2,1   
J=-1.14339063646e-05

Cluster 95
1,1,3,1,1   2,2,1,2,1   
J=-1.14339063646e-05

Cluster 96
1,3,1,1,1   2,1,3,2,1   
J=-1.14339063646e-05

Cluster 97
1,3,1,1,1   2,1,2,2,1   
J=-1.14339063646e-05

Cluster 98
1,1,3,2,1   1,3,1,1,1   
J=-1.14339063646e-05

Cluster 99
1,1,1,1,1   1,3,3,2,1   
J=-1.14339063646e-05

Cluster 100
1,1,3,1,1   1,3,1,2,1   
J=-1.14339063646e-05

Cluster 101
1,2,2,2,1   1,1,1,1,1   2,1,1,1,1   
J=-0.00393541360257

Cluster 102
2,1,1,1,1   1,2,2,2,1   2,2,2,2,1   
J=-0.00393541360257

Cluster 103
1,2,2,2,1   1,1,2,1,1   2,1,1,1,1   
J=-0.00393541360257

Cluster 104
2,1,1,1,1   1,2,2,2,1   2,2,1,2,1   
J=-0.00393541360257

Cluster 105
1,2,2,2,1   1,2,1,1,1   2,1,1,1,1   
J=-0.00393541360257

Cluster 106
2,1,1,1,1   1,2,2,2,1   2,1,2,2,1   
J=-0.00393541360257

Cluster 107
1,1,1,1,1   1,1,2,2,1   1,2,2,2,1   
J=-0.00393541360257

Cluster 108
1,2,2,2,1   1,1,1,1,1   1,2,1,1,1   
J=-0.00393541360257

Cluster 109
1,1,1,1,1   1,1,2,2,1   1,2,1,2,1   
J=-0.00393541360257

Cluster 110
1,2,2,2,1   1,1,2,1,1   1,2,1,1,1   
J=-0.00393541360257

Cluster 111
1,1,1,1,1   1,2,1,2,1   1,2,2,2,1   
J=-0.00393541360257

Cluster 112
1,2,2,2,1   1,1,1,1,1   1,1,2,1,1   
J=-0.00393541360257

Cluster 113
2,1,1,2,1   1,1,1,2,1   1,2,1,2,1   
J=0.0023088061354

Cluster 114
2,1,1,2,1   1,1,1,2,1   1,1,2,2,1   
J=0.0023088061354

Cluster 115
2,1,2,1,1   1,1,2,1,1   2,1,1,1,1   
J=0.0023088061354

Cluster 116
2,2,1,1,1   1,2,1,1,1   2,1,1,1,1   
J=0.0023088061354

Cluster 117
2,1,1,2,1   1,1,2,2,1   1,2,1,2,1   
J=0.0023088061354

Cluster 118
2,2,1,1,1   1,2,2,1,1   2,1,2,1,1   
J=0.0023088061354

Cluster 119
1,2,2,1,1   1,1,2,1,1   1,2,1,1,1   
J=0.0023088061354

Cluster 120
1,2,1,2,1   1,1,1,2,1   1,1,2,2,1   
J=0.0023088061354

Cluster 121
2,1,1,2,1   1,1,1,2,1   1,1,1,1,1   
J=-0.000150993723797

Cluster 122
2,1,1,1,1   1,1,1,1,1   2,1,1,2,1   
J=-0.000150993723797

Cluster 123
2,1,2,2,1   1,1,3,2,1   1,1,1,1,1   
J=-0.000150993723797

Cluster 124
2,1,1,1,1   1,1,2,1,1   2,1,3,2,1   
J=-0.000150993723797

Cluster 125
2,2,1,2,1   1,3,1,2,1   1,1,1,1,1   
J=-0.000150993723797

Cluster 126
2,1,1,1,1   1,2,1,1,1   2,3,1,2,1   
J=-0.000150993723797

Cluster 127
2,2,1,1,1   2,1,1,1,1   1,3,1,2,1   
J=-0.000150993723797

Cluster 128
1,3,1,2,1   1,2,1,2,1   2,1,1,1,1   
J=-0.000150993723797

Cluster 129
2,2,1,1,1   2,1,2,1,1   1,3,3,2,1   
J=-0.000150993723797

Cluster 130
1,3,2,2,1   1,2,3,2,1   2,1,1,1,1   
J=-0.000150993723797

Cluster 131
2,1,2,1,1   2,1,1,1,1   1,1,3,2,1   
J=-0.000150993723797

Cluster 132
1,1,3,2,1   1,1,2,2,1   2,1,1,1,1   
J=-0.000150993723797

Cluster 133
2,1,2,2,1   1,1,2,2,1   2,2,1,2,1   
J=0.000584399632002

Cluster 134
2,2,1,2,1   1,2,1,2,1   2,1,2,2,1   
J=0.000584399632002

Cluster 135
2,1,2,1,1   1,1,2,1,1   2,2,1,1,1   
J=0.000584399632002

Cluster 136
2,2,1,1,1   1,2,1,1,1   2,1,2,1,1   
J=0.000584399632002

Cluster 137
2,1,1,2,1   1,1,2,2,1   2,2,1,2,1   
J=0.000584399632002

Cluster 138
2,2,1,2,1   1,2,2,2,1   2,1,1,2,1   
J=0.000584399632002

Cluster 139
2,1,1,1,1   1,1,2,1,1   2,2,1,1,1   
J=0.000584399632002

Cluster 140
2,2,1,1,1   1,2,2,1,1   2,1,1,1,1   
J=0.000584399632002

Cluster 141
2,1,1,2,1   1,2,1,2,1   2,1,2,2,1   
J=0.000584399632002

Cluster 142
2,1,2,2,1   1,2,2,2,1   2,1,1,2,1   
J=0.000584399632002

Cluster 143
2,1,1,1,1   1,2,1,1,1   2,1,2,1,1   
J=0.000584399632002

Cluster 144
2,1,2,1,1   1,2,2,1,1   2,1,1,1,1   
J=0.000584399632002

Cluster 145
1,2,2,1,1   1,1,2,1,1   2,2,1,1,1   
J=0.000584399632002

Cluster 146
1,2,2,2,1   1,1,2,2,1   2,2,1,2,1   
J=0.000584399632002

Cluster 147
1,2,1,1,1   1,1,2,1,1   2,2,1,1,1   
J=0.000584399632002

Cluster 148
1,2,1,2,1   1,1,2,2,1   2,2,1,2,1   
J=0.000584399632002

Cluster 149
1,2,2,1,1   1,2,1,1,1   2,1,2,1,1   
J=0.000584399632002

Cluster 150
1,2,2,2,1   1,2,1,2,1   2,1,2,2,1   
J=0.000584399632002

Cluster 151
1,2,1,1,1   1,2,2,1,1   2,1,1,1,1   
J=0.000584399632002

Cluster 152
1,2,1,2,1   1,2,2,2,1   2,1,1,2,1   
J=0.000584399632002

Cluster 153
1,1,2,1,1   1,2,1,1,1   2,1,2,1,1   
J=0.000584399632002

Cluster 154
1,1,2,2,1   1,2,1,2,1   2,1,2,2,1   
J=0.000584399632002

Cluster 155
1,1,2,1,1   1,2,2,1,1   2,1,1,1,1   
J=0.000584399632002

Cluster 156
1,1,2,2,1   1,2,2,2,1   2,1,1,2,1   
J=0.000584399632002

Cluster 157
2,1,2,2,1   1,1,2,2,1   1,2,1,1,1   
J=-0.000521760341005

Cluster 158
2,2,1,2,1   1,2,1,2,1   1,1,2,1,1   
J=-0.000521760341005

Cluster 159
2,1,2,1,1   1,1,2,1,1   2,2,1,2,1   
J=-0.000521760341005

Cluster 160
2,2,1,1,1   1,2,1,1,1   2,1,2,2,1   
J=-0.000521760341005

Cluster 161
2,1,2,2,1   1,1,3,2,1   1,2,1,1,1   
J=-0.000521760341005

Cluster 162
2,2,2,2,1   1,2,3,2,1   1,1,1,1,1   
J=-0.000521760341005

Cluster 163
2,1,1,1,1   1,1,2,1,1   2,2,3,2,1   
J=-0.000521760341005

Cluster 164
2,2,1,1,1   1,2,2,1,1   2,1,3,2,1   
J=-0.000521760341005

Cluster 165
2,2,1,2,1   1,3,1,2,1   1,1,2,1,1   
J=-0.000521760341005

Cluster 166
2,2,2,2,1   1,3,2,2,1   1,1,1,1,1   
J=-0.000521760341005

Cluster 167
2,1,1,1,1   1,2,1,1,1   2,3,2,2,1   
J=-0.000521760341005

Cluster 168
2,1,2,1,1   1,2,2,1,1   2,3,1,2,1   
J=-0.000521760341005

Cluster 169
1,2,2,1,1   1,1,2,1,1   1,3,1,2,1   
J=-0.000521760341005

Cluster 170
1,3,2,2,1   1,2,2,2,1   3,1,1,1,1   
J=-0.000521760341005

Cluster 171
3,2,1,1,1   3,1,1,1,1   1,3,2,2,1   
J=-0.000521760341005

Cluster 172
1,3,1,2,1   1,2,1,2,1   1,1,2,1,1   
J=-0.000521760341005

Cluster 173
1,2,1,1,1   1,1,2,1,1   1,3,3,2,1   
J=-0.000521760341005

Cluster 174
1,3,2,2,1   1,2,3,2,1   3,1,1,1,1   
J=-0.000521760341005

Cluster 175
3,2,1,1,1   3,1,2,1,1   1,3,3,2,1   
J=-0.000521760341005

Cluster 176
1,3,2,2,1   1,2,3,2,1   1,1,1,1,1   
J=-0.000521760341005

Cluster 177
1,2,2,1,1   1,2,1,1,1   1,1,3,2,1   
J=-0.000521760341005

Cluster 178
3,1,2,1,1   3,1,1,1,1   1,2,3,2,1   
J=-0.000521760341005

Cluster 179
1,2,3,2,1   1,2,2,2,1   3,1,1,1,1   
J=-0.000521760341005

Cluster 180
1,1,3,2,1   1,1,2,2,1   1,2,1,1,1   
J=-0.000521760341005

Cluster 181
2,2,1,2,1   1,1,1,1,1   1,3,2,2,1   
J=-0.000214769089829

Cluster 182
2,1,2,2,1   1,1,1,1,1   1,2,3,2,1   
J=-0.000214769089829

Cluster 183
2,2,2,1,1   1,2,3,2,1   3,1,1,1,1   
J=-0.000214769089829

Cluster 184
2,2,2,1,1   1,3,2,2,1   3,1,1,1,1   
J=-0.000214769089829

Cluster 185
2,2,2,2,1   1,1,2,1,1   1,3,1,2,1   
J=-0.000214769089829

Cluster 186
2,1,2,2,1   1,1,2,1,1   1,2,1,2,1   
J=-0.000214769089829

Cluster 187
2,2,1,1,1   1,2,3,2,1   3,1,2,1,1   
J=-0.000214769089829

Cluster 188
2,2,1,1,1   1,3,3,2,1   3,1,2,1,1   
J=-0.000214769089829

Cluster 189
2,2,2,2,1   1,2,1,1,1   1,1,3,2,1   
J=-0.000214769089829

Cluster 190
2,2,1,2,1   1,2,1,1,1   1,1,2,2,1   
J=-0.000214769089829

Cluster 191
2,1,2,1,1   1,3,2,2,1   3,2,1,1,1   
J=-0.000214769089829

Cluster 192
2,1,2,1,1   1,3,3,2,1   3,2,1,1,1   
J=-0.000214769089829

Cluster 193
2,1,2,1,1   1,1,3,2,1   1,2,1,1,1   
J=-0.000214769089829

Cluster 194
1,3,1,2,1   1,1,1,1,1   2,2,2,2,1   
J=-0.000214769089829

Cluster 195
2,1,2,1,1   2,1,2,2,1   1,2,1,1,1   
J=-0.000214769089829

Cluster 196
1,3,2,2,1   2,1,1,1,1   2,2,3,2,1   
J=-0.000214769089829

Cluster 197
2,1,1,1,1   1,1,3,2,1   1,2,2,1,1   
J=-0.000214769089829

Cluster 198
1,3,2,2,1   1,1,2,1,1   2,2,1,2,1   
J=-0.000214769089829

Cluster 199
2,1,1,1,1   2,1,3,2,1   1,2,2,1,1   
J=-0.000214769089829

Cluster 200
1,3,2,2,1   2,1,2,1,1   2,2,1,2,1   
J=-0.000214769089829

Cluster 201
2,2,1,1,1   1,3,1,2,1   1,1,2,1,1   
J=-0.000214769089829

Cluster 202
2,2,1,1,1   2,2,1,2,1   1,1,2,1,1   
J=-0.000214769089829

Cluster 203
1,1,3,2,1   1,1,1,1,1   2,2,2,2,1   
J=-0.000214769089829

Cluster 204
1,2,3,2,1   2,1,1,1,1   2,3,2,2,1   
J=-0.000214769089829

Cluster 205
2,2,1,1,1   1,3,3,2,1   1,1,2,1,1   
J=-0.000214769089829

Cluster 206
2,2,1,1,1   2,2,3,2,1   1,1,2,1,1   
J=-0.000214769089829

Cluster 207
1,1,2,2,1   1,1,2,1,1   2,2,1,2,1   
J=-0.000214769089829

Cluster 208
1,2,2,2,1   2,1,2,1,1   2,3,1,2,1   
J=-0.000214769089829

Cluster 209
2,1,1,1,1   1,3,1,2,1   1,2,2,1,1   
J=-0.000214769089829

Cluster 210
1,2,3,2,1   1,2,1,1,1   2,1,2,2,1   
J=-0.000214769089829

Cluster 211
2,1,1,1,1   2,3,1,2,1   1,2,2,1,1   
J=-0.000214769089829

Cluster 212
1,2,3,2,1   2,2,1,1,1   2,1,2,2,1   
J=-0.000214769089829

Cluster 213
2,1,2,1,1   1,3,3,2,1   1,2,1,1,1   
J=-0.000214769089829

Cluster 214
1,2,1,2,1   1,2,1,1,1   2,1,2,2,1   
J=-0.000214769089829

Cluster 215
2,1,2,1,1   2,3,2,2,1   1,2,1,1,1   
J=-0.000214769089829

Cluster 216
1,2,2,2,1   2,2,1,1,1   2,1,3,2,1   
J=-0.000214769089829

Cluster 217
2,3,2,2,1   3,1,1,1,1   1,2,3,2,1   
J=-0.000214769089829

Cluster 218
2,3,1,2,1   3,1,1,1,1   1,2,2,2,1   
J=-0.000214769089829

Cluster 219
1,1,2,1,1   2,1,2,2,1   2,2,1,1,1   
J=-0.000214769089829

Cluster 220
1,1,2,1,1   2,1,3,2,1   2,2,1,1,1   
J=-0.000214769089829

Cluster 221
2,2,3,2,1   3,1,1,1,1   1,3,2,2,1   
J=-0.000214769089829

Cluster 222
2,1,3,2,1   3,1,1,1,1   1,2,2,2,1   
J=-0.000214769089829

Cluster 223
1,2,1,1,1   2,2,1,2,1   2,1,2,1,1   
J=-0.000214769089829

Cluster 224
1,2,1,1,1   2,3,1,2,1   2,1,2,1,1   
J=-0.000214769089829

Cluster 225
2,2,1,2,1   3,1,1,1,1   1,3,2,2,1   
J=-0.000214769089829

Cluster 226
2,1,2,2,1   3,1,1,1,1   1,2,3,2,1   
J=-0.000214769089829

Cluster 227
1,2,2,1,1   2,2,3,2,1   2,1,1,1,1   
J=-0.000214769089829

Cluster 228
1,2,2,1,1   2,3,2,2,1   2,1,1,1,1   
J=-0.000214769089829

Cluster 229
1,2,3,2,1   1,1,2,1,1   3,1,1,1,1   
J=-0.000267624898456

Cluster 230
1,3,2,2,1   1,2,1,1,1   3,1,1,1,1   
J=-0.000267624898456

Cluster 231
2,1,1,1,1   1,2,2,2,1   2,3,2,2,1   
J=-0.000267624898456

Cluster 232
2,1,1,1,1   1,2,2,2,1   2,2,3,2,1   
J=-0.000267624898456

Cluster 233
1,2,2,2,1   1,1,2,1,1   3,1,1,1,1   
J=-0.000267624898456

Cluster 234
1,3,2,2,1   1,2,2,1,1   3,1,1,1,1   
J=-0.000267624898456

Cluster 235
2,1,2,1,1   1,2,3,2,1   2,3,1,2,1   
J=-0.000267624898456

Cluster 236
2,1,2,1,1   1,2,3,2,1   2,2,1,2,1   
J=-0.000267624898456

Cluster 237
1,2,2,2,1   1,2,1,1,1   3,1,1,1,1   
J=-0.000267624898456

Cluster 238
1,2,3,2,1   1,2,2,1,1   3,1,1,1,1   
J=-0.000267624898456

Cluster 239
2,2,1,1,1   1,3,2,2,1   2,1,3,2,1   
J=-0.000267624898456

Cluster 240
2,2,1,1,1   1,3,2,2,1   2,1,2,2,1   
J=-0.000267624898456

Cluster 241
1,1,1,1,1   1,1,2,2,1   2,2,2,2,1   
J=-0.000267624898456

Cluster 242
1,2,3,2,1   1,1,2,1,1   1,3,1,1,1   
J=-0.000267624898456

Cluster 243
1,1,1,1,1   1,1,2,2,1   1,2,3,2,1   
J=-0.000267624898456

Cluster 244
2,2,2,2,1   2,1,1,1,1   1,3,1,1,1   
J=-0.000267624898456

Cluster 245
1,1,2,1,1   1,1,3,2,1   2,2,1,2,1   
J=-0.000267624898456

Cluster 246
1,2,2,2,1   1,1,2,1,1   1,3,1,1,1   
J=-0.000267624898456

Cluster 247
1,1,2,1,1   1,1,3,2,1   1,2,1,2,1   
J=-0.000267624898456

Cluster 248
2,2,2,2,1   2,1,2,1,1   1,3,1,1,1   
J=-0.000267624898456

Cluster 249
1,1,1,1,1   1,2,1,2,1   2,2,2,2,1   
J=-0.000267624898456

Cluster 250
1,1,1,1,1   1,2,1,2,1   1,3,2,2,1   
J=-0.000267624898456

Cluster 251
1,3,2,2,1   1,2,1,1,1   1,1,3,1,1   
J=-0.000267624898456

Cluster 252
2,2,2,2,1   2,1,1,1,1   1,1,3,1,1   
J=-0.000267624898456

Cluster 253
1,1,2,1,1   1,2,3,2,1   2,2,1,2,1   
J=-0.000267624898456

Cluster 254
1,1,2,1,1   1,2,3,2,1   1,3,1,2,1   
J=-0.000267624898456

Cluster 255
1,3,2,2,1   1,2,2,1,1   1,1,1,1,1   
J=-0.000267624898456

Cluster 256
2,2,2,2,1   2,1,2,1,1   1,1,1,1,1   
J=-0.000267624898456

Cluster 257
1,2,1,1,1   1,3,1,2,1   2,1,2,2,1   
J=-0.000267624898456

Cluster 258
1,2,2,2,1   1,2,1,1,1   1,1,3,1,1   
J=-0.000267624898456

Cluster 259
1,2,1,1,1   1,3,1,2,1   1,1,2,2,1   
J=-0.000267624898456

Cluster 260
2,2,2,2,1   2,2,1,1,1   1,1,3,1,1   
J=-0.000267624898456

Cluster 261
1,2,1,1,1   1,3,2,2,1   2,1,2,2,1   
J=-0.000267624898456

Cluster 262
1,2,3,2,1   1,2,2,1,1   1,1,1,1,1   
J=-0.000267624898456

Cluster 263
1,2,1,1,1   1,3,2,2,1   1,1,3,2,1   
J=-0.000267624898456

Cluster 264
2,2,2,2,1   2,2,1,1,1   1,1,1,1,1   
J=-0.000267624898456

Cluster 265
1,2,2,2,1   2,1,1,1,1   1,3,1,1,1   
J=-0.000267624898456

Cluster 266
1,2,3,2,1   2,1,2,1,1   1,3,1,1,1   
J=-0.000267624898456

Cluster 267
3,1,1,1,1   3,1,2,2,1   1,2,3,2,1   
J=-0.000267624898456

Cluster 268
3,1,1,1,1   3,1,2,2,1   1,2,2,2,1   
J=-0.000267624898456

Cluster 269
1,2,2,2,1   2,1,1,1,1   1,1,3,1,1   
J=-0.000267624898456

Cluster 270
1,3,2,2,1   2,2,1,1,1   1,1,3,1,1   
J=-0.000267624898456

Cluster 271
3,1,1,1,1   3,2,1,2,1   1,3,2,2,1   
J=-0.000267624898456

Cluster 272
3,1,1,1,1   3,2,1,2,1   1,2,2,2,1   
J=-0.000267624898456

Cluster 273
1,2,3,2,1   2,1,2,1,1   1,1,1,1,1   
J=-0.000267624898456

Cluster 274
1,3,2,2,1   2,2,1,1,1   1,1,1,1,1   
J=-0.000267624898456

Cluster 275
3,1,1,1,1   3,2,2,2,1   1,3,2,2,1   
J=-0.000267624898456

Cluster 276
3,1,1,1,1   3,2,2,2,1   1,2,3,2,1   
J=-0.000267624898456

Cluster 277
2,2,1,2,1   1,1,1,1,1   2,1,2,1,1   
J=0.000236514456146

Cluster 278
2,1,2,2,1   1,1,1,1,1   2,2,1,1,1   
J=0.000236514456146

Cluster 279
2,2,1,1,1   1,2,2,2,1   3,1,2,2,1   
J=0.000236514456146

Cluster 280
2,1,2,1,1   1,2,2,2,1   3,2,1,2,1   
J=0.000236514456146

Cluster 281
2,2,3,2,1   1,1,3,1,1   2,1,1,1,1   
J=0.000236514456146

Cluster 282
2,1,3,2,1   1,1,3,1,1   2,2,1,1,1   
J=0.000236514456146

Cluster 283
2,2,1,1,1   1,2,3,2,1   3,1,2,2,1   
J=0.000236514456146

Cluster 284
2,1,1,1,1   1,2,3,2,1   3,2,2,2,1   
J=0.000236514456146

Cluster 285
2,3,2,2,1   1,3,1,1,1   2,1,1,1,1   
J=0.000236514456146

Cluster 286
2,3,1,2,1   1,3,1,1,1   2,1,2,1,1   
J=0.000236514456146

Cluster 287
2,1,2,1,1   1,3,2,2,1   3,2,1,2,1   
J=0.000236514456146

Cluster 288
2,1,1,1,1   1,3,2,2,1   3,2,2,2,1   
J=0.000236514456146

Cluster 289
3,1,1,1,1   2,1,2,2,1   1,3,2,2,1   
J=0.000236514456146

Cluster 290
1,3,1,2,1   1,1,1,1,1   1,2,2,1,1   
J=0.000236514456146

Cluster 291
1,1,2,1,1   1,1,2,2,1   1,3,1,2,1   
J=0.000236514456146

Cluster 292
1,3,2,2,1   2,1,1,1,1   3,2,1,1,1   
J=0.000236514456146

Cluster 293
3,1,1,1,1   2,1,3,2,1   1,3,2,2,1   
J=0.000236514456146

Cluster 294
1,3,3,2,1   1,1,3,1,1   1,2,1,1,1   
J=0.000236514456146

Cluster 295
1,1,1,1,1   1,1,3,2,1   1,3,2,2,1   
J=0.000236514456146

Cluster 296
1,3,3,2,1   2,1,3,1,1   3,2,1,1,1   
J=0.000236514456146

Cluster 297
3,1,1,1,1   2,2,1,2,1   1,2,3,2,1   
J=0.000236514456146

Cluster 298
1,2,1,1,1   1,2,1,2,1   1,1,3,2,1   
J=0.000236514456146

Cluster 299
1,1,3,2,1   1,1,1,1,1   1,2,2,1,1   
J=0.000236514456146

Cluster 300
1,2,3,2,1   2,1,1,1,1   3,1,2,1,1   
J=0.000236514456146

Cluster 301
3,1,1,1,1   2,2,3,2,1   1,2,2,2,1   
J=0.000236514456146

Cluster 302
1,2,1,1,1   1,2,3,2,1   1,1,2,2,1   
J=0.000236514456146

Cluster 303
1,1,3,2,1   1,1,3,1,1   1,2,1,1,1   
J=0.000236514456146

Cluster 304
1,2,3,2,1   2,1,3,1,1   3,1,1,1,1   
J=0.000236514456146

Cluster 305
3,1,1,1,1   2,3,1,2,1   1,2,3,2,1   
J=0.000236514456146

Cluster 306
1,3,3,2,1   1,3,1,1,1   1,1,2,1,1   
J=0.000236514456146

Cluster 307
1,1,1,1,1   1,3,1,2,1   1,2,3,2,1   
J=0.000236514456146

Cluster 308
1,3,3,2,1   2,3,1,1,1   3,1,2,1,1   
J=0.000236514456146

Cluster 309
3,1,1,1,1   2,3,2,2,1   1,2,2,2,1   
J=0.000236514456146

Cluster 310
1,3,1,2,1   1,3,1,1,1   1,1,2,1,1   
J=0.000236514456146

Cluster 311
1,1,2,1,1   1,3,2,2,1   1,2,1,2,1   
J=0.000236514456146

Cluster 312
1,3,2,2,1   2,3,1,1,1   3,1,1,1,1   
J=0.000236514456146

Cluster 313
2,3,2,2,1   3,1,1,1,1   1,2,1,1,1   
J=0.000236514456146

Cluster 314
2,3,1,2,1   3,1,1,1,1   1,2,2,1,1   
J=0.000236514456146

Cluster 315
1,1,2,1,1   2,1,2,2,1   1,3,1,2,1   
J=0.000236514456146

Cluster 316
1,1,1,1,1   2,1,2,2,1   1,3,2,2,1   
J=0.000236514456146

Cluster 317
2,2,3,2,1   3,1,1,1,1   1,1,2,1,1   
J=0.000236514456146

Cluster 318
2,1,3,2,1   3,1,1,1,1   1,2,2,1,1   
J=0.000236514456146

Cluster 319
1,2,1,1,1   2,2,1,2,1   1,1,3,2,1   
J=0.000236514456146

Cluster 320
1,1,1,1,1   2,2,1,2,1   1,2,3,2,1   
J=0.000236514456146

Cluster 321
2,2,1,2,1   3,1,1,1,1   1,1,2,1,1   
J=0.000236514456146

Cluster 322
2,1,2,2,1   3,1,1,1,1   1,2,1,1,1   
J=0.000236514456146

Cluster 323
1,2,1,1,1   2,2,2,2,1   1,1,2,2,1   
J=0.000236514456146

Cluster 324
1,1,2,1,1   2,2,2,2,1   1,2,1,2,1   
J=0.000236514456146

Cluster 325
2,2,1,2,1   1,1,2,2,1   2,1,3,2,1   
J=4.06660445859e-05

Cluster 326
2,1,2,2,1   1,2,1,2,1   2,3,1,2,1   
J=4.06660445859e-05

Cluster 327
2,3,1,1,1   1,2,2,1,1   3,1,2,1,1   
J=4.06660445859e-05

Cluster 328
2,1,3,1,1   1,2,2,1,1   3,2,1,1,1   
J=4.06660445859e-05

Cluster 329
2,2,2,2,1   1,1,3,2,1   2,1,1,2,1   
J=4.06660445859e-05

Cluster 330
2,1,2,2,1   1,2,3,2,1   2,3,1,2,1   
J=4.06660445859e-05

Cluster 331
2,3,1,1,1   1,2,2,1,1   3,1,1,1,1   
J=4.06660445859e-05

Cluster 332
2,1,1,1,1   1,2,2,1,1   3,2,1,1,1   
J=4.06660445859e-05

Cluster 333
2,2,2,2,1   1,3,1,2,1   2,1,1,2,1   
J=4.06660445859e-05

Cluster 334
2,2,1,2,1   1,3,2,2,1   2,1,3,2,1   
J=4.06660445859e-05

Cluster 335
2,1,3,1,1   1,2,2,1,1   3,1,1,1,1   
J=4.06660445859e-05

Cluster 336
2,1,1,1,1   1,2,2,1,1   3,1,2,1,1   
J=4.06660445859e-05

Cluster 337
3,2,1,1,1   2,1,2,1,1   1,3,2,1,1   
J=4.06660445859e-05

Cluster 338
2,2,1,2,1   1,1,2,2,1   1,2,3,2,1   
J=4.06660445859e-05

Cluster 339
1,2,3,1,1   2,1,2,1,1   2,3,1,1,1   
J=4.06660445859e-05

Cluster 340
1,2,2,2,1   2,1,1,2,1   3,2,1,2,1   
J=4.06660445859e-05

Cluster 341
3,2,1,1,1   2,1,2,1,1   1,3,1,1,1   
J=4.06660445859e-05

Cluster 342
2,2,2,2,1   1,1,3,2,1   1,2,1,2,1   
J=4.06660445859e-05

Cluster 343
1,2,1,1,1   2,1,2,1,1   2,3,1,1,1   
J=4.06660445859e-05

Cluster 344
1,2,2,2,1   2,1,3,2,1   3,2,1,2,1   
J=4.06660445859e-05

Cluster 345
3,1,2,1,1   2,2,1,1,1   1,2,3,1,1   
J=4.06660445859e-05

Cluster 346
1,3,2,1,1   2,2,1,1,1   2,1,3,1,1   
J=4.06660445859e-05

Cluster 347
2,1,2,2,1   1,2,1,2,1   1,3,2,2,1   
J=4.06660445859e-05

Cluster 348
1,2,2,2,1   2,1,1,2,1   3,1,2,2,1   
J=4.06660445859e-05

Cluster 349
3,1,1,1,1   2,2,2,1,1   1,2,1,1,1   
J=4.06660445859e-05

Cluster 350
1,3,1,1,1   2,2,2,1,1   2,1,1,1,1   
J=4.06660445859e-05

Cluster 351
2,1,2,2,1   1,2,3,2,1   1,3,1,2,1   
J=4.06660445859e-05

Cluster 352
1,2,2,2,1   2,1,3,2,1   3,1,1,2,1   
J=4.06660445859e-05

Cluster 353
3,1,2,1,1   2,2,1,1,1   1,1,3,1,1   
J=4.06660445859e-05

Cluster 354
2,2,2,2,1   1,3,1,2,1   1,1,2,2,1   
J=4.06660445859e-05

Cluster 355
1,1,2,1,1   2,2,1,1,1   2,1,3,1,1   
J=4.06660445859e-05

Cluster 356
1,2,2,2,1   2,3,1,2,1   3,1,2,2,1   
J=4.06660445859e-05

Cluster 357
3,1,1,1,1   2,2,2,1,1   1,1,2,1,1   
J=4.06660445859e-05

Cluster 358
2,2,1,2,1   1,3,2,2,1   1,1,3,2,1   
J=4.06660445859e-05

Cluster 359
1,1,3,1,1   2,2,2,1,1   2,1,1,1,1   
J=4.06660445859e-05

Cluster 360
1,2,2,2,1   2,3,1,2,1   3,1,1,2,1   
J=4.06660445859e-05

Cluster 361
2,2,2,2,1   3,1,1,2,1   1,2,1,2,1   
J=4.06660445859e-05

Cluster 362
2,2,1,2,1   3,1,2,2,1   1,2,3,2,1   
J=4.06660445859e-05

Cluster 363
1,2,3,1,1   2,1,2,1,1   1,3,1,1,1   
J=4.06660445859e-05

Cluster 364
1,2,1,1,1   2,1,2,1,1   1,3,2,1,1   
J=4.06660445859e-05

Cluster 365
2,2,2,2,1   3,1,1,2,1   1,1,2,2,1   
J=4.06660445859e-05

Cluster 366
2,1,2,2,1   3,2,1,2,1   1,3,2,2,1   
J=4.06660445859e-05

Cluster 367
1,3,2,1,1   2,2,1,1,1   1,1,3,1,1   
J=4.06660445859e-05

Cluster 368
1,1,2,1,1   2,2,1,1,1   1,2,3,1,1   
J=4.06660445859e-05

Cluster 369
2,2,1,2,1   3,1,2,2,1   1,1,3,2,1   
J=4.06660445859e-05

Cluster 370
2,1,2,2,1   3,2,1,2,1   1,3,1,2,1   
J=4.06660445859e-05

Cluster 371
1,3,1,1,1   2,2,2,1,1   1,1,2,1,1   
J=4.06660445859e-05

Cluster 372
1,1,3,1,1   2,2,2,1,1   1,2,1,1,1   
J=4.06660445859e-05

Cluster 373
2,2,1,2,1   1,1,1,1,1   1,2,2,1,1   
J=-0.000476429486161

Cluster 374
2,1,2,2,1   1,1,1,1,1   1,2,2,1,1   
J=-0.000476429486161

Cluster 375
2,2,1,1,1   1,2,2,2,1   3,1,1,2,1   
J=-0.000476429486161

Cluster 376
2,1,2,1,1   1,2,2,2,1   3,1,1,2,1   
J=-0.000476429486161

Cluster 377
2,2,3,2,1   1,1,3,1,1   1,2,1,1,1   
J=-0.000476429486161

Cluster 378
2,1,3,2,1   1,1,3,1,1   1,2,1,1,1   
J=-0.000476429486161

Cluster 379
2,2,1,1,1   1,2,3,2,1   3,1,3,2,1   
J=-0.000476429486161

Cluster 380
2,1,1,1,1   1,2,3,2,1   3,1,3,2,1   
J=-0.000476429486161

Cluster 381
2,3,2,2,1   1,3,1,1,1   1,1,2,1,1   
J=-0.000476429486161

Cluster 382
2,3,1,2,1   1,3,1,1,1   1,1,2,1,1   
J=-0.000476429486161

Cluster 383
2,1,2,1,1   1,3,2,2,1   3,3,1,2,1   
J=-0.000476429486161

Cluster 384
2,1,1,1,1   1,3,2,2,1   3,3,1,2,1   
J=-0.000476429486161

Cluster 385
3,1,1,1,1   2,1,2,2,1   1,3,1,2,1   
J=-0.000476429486161

Cluster 386
1,3,1,2,1   1,1,1,1,1   2,1,2,1,1   
J=-0.000476429486161

Cluster 387
2,1,2,1,1   2,1,2,2,1   1,3,1,2,1   
J=-0.000476429486161

Cluster 388
1,3,2,2,1   2,1,1,1,1   3,1,2,1,1   
J=-0.000476429486161

Cluster 389
3,1,1,1,1   2,1,3,2,1   1,3,3,2,1   
J=-0.000476429486161

Cluster 390
1,3,3,2,1   1,1,3,1,1   2,1,1,1,1   
J=-0.000476429486161

Cluster 391
2,1,1,1,1   2,1,3,2,1   1,3,3,2,1   
J=-0.000476429486161

Cluster 392
1,3,3,2,1   2,1,3,1,1   3,1,1,1,1   
J=-0.000476429486161

Cluster 393
3,1,1,1,1   2,2,1,2,1   1,1,3,2,1   
J=-0.000476429486161

Cluster 394
2,2,1,1,1   2,2,1,2,1   1,1,3,2,1   
J=-0.000476429486161

Cluster 395
1,1,3,2,1   1,1,1,1,1   2,2,1,1,1   
J=-0.000476429486161

Cluster 396
1,2,3,2,1   2,1,1,1,1   3,2,1,1,1   
J=-0.000476429486161

Cluster 397
3,1,1,1,1   2,2,3,2,1   1,1,3,2,1   
J=-0.000476429486161

Cluster 398
2,2,1,1,1   2,2,3,2,1   1,1,3,2,1   
J=-0.000476429486161

Cluster 399
1,1,3,2,1   1,1,3,1,1   2,2,1,1,1   
J=-0.000476429486161

Cluster 400
1,2,3,2,1   2,1,3,1,1   3,2,1,1,1   
J=-0.000476429486161

Cluster 401
3,1,1,1,1   2,3,1,2,1   1,3,3,2,1   
J=-0.000476429486161

Cluster 402
1,3,3,2,1   1,3,1,1,1   2,1,1,1,1   
J=-0.000476429486161

Cluster 403
2,1,1,1,1   2,3,1,2,1   1,3,3,2,1   
J=-0.000476429486161

Cluster 404
1,3,3,2,1   2,3,1,1,1   3,1,1,1,1   
J=-0.000476429486161

Cluster 405
3,1,1,1,1   2,3,2,2,1   1,3,1,2,1   
J=-0.000476429486161

Cluster 406
1,3,1,2,1   1,3,1,1,1   2,1,2,1,1   
J=-0.000476429486161

Cluster 407
2,1,2,1,1   2,3,2,2,1   1,3,1,2,1   
J=-0.000476429486161

Cluster 408
1,3,2,2,1   2,3,1,1,1   3,1,2,1,1   
J=-0.000476429486161

Cluster 409
2,3,2,2,1   3,1,1,1,1   1,1,2,1,1   
J=-0.000476429486161

Cluster 410
2,3,1,2,1   3,1,1,1,1   1,1,2,1,1   
J=-0.000476429486161

Cluster 411
1,1,2,1,1   2,1,2,2,1   2,3,1,2,1   
J=-0.000476429486161

Cluster 412
1,1,1,1,1   2,1,2,2,1   2,3,1,2,1   
J=-0.000476429486161

Cluster 413
2,2,3,2,1   3,1,1,1,1   1,2,1,1,1   
J=-0.000476429486161

Cluster 414
2,1,3,2,1   3,1,1,1,1   1,2,1,1,1   
J=-0.000476429486161

Cluster 415
1,2,1,1,1   2,2,1,2,1   2,1,3,2,1   
J=-0.000476429486161

Cluster 416
1,1,1,1,1   2,2,1,2,1   2,1,3,2,1   
J=-0.000476429486161

Cluster 417
2,2,1,2,1   3,1,1,1,1   1,2,2,1,1   
J=-0.000476429486161

Cluster 418
2,1,2,2,1   3,1,1,1,1   1,2,2,1,1   
J=-0.000476429486161

Cluster 419
1,2,1,1,1   2,2,2,2,1   2,1,1,2,1   
J=-0.000476429486161

Cluster 420
1,1,2,1,1   2,2,2,2,1   2,1,1,2,1   
J=-0.000476429486161

Cluster 421
1,2,2,2,1   1,1,1,1,1   3,1,1,2,1   
J=0.000310069465104

Cluster 422
2,1,1,1,1   1,2,2,2,1   2,2,2,1,1   
J=0.000310069465104

Cluster 423
1,2,1,2,1   1,1,1,1,1   3,1,1,2,1   
J=0.000310069465104

Cluster 424
2,1,3,1,1   1,2,4,2,1   2,2,1,1,1   
J=0.000310069465104

Cluster 425
1,1,2,2,1   1,1,1,1,1   3,1,1,2,1   
J=0.000310069465104

Cluster 426
2,3,1,1,1   1,4,2,2,1   2,1,2,1,1   
J=0.000310069465104

Cluster 427
1,1,1,1,1   1,1,2,2,1   2,1,2,1,1   
J=0.000310069465104

Cluster 428
2,2,2,2,1   2,1,1,1,1   1,4,1,2,1   
J=0.000310069465104

Cluster 429
1,1,3,1,1   1,1,4,2,1   2,1,1,1,1   
J=0.000310069465104

Cluster 430
2,2,1,2,1   2,1,1,1,1   1,4,1,2,1   
J=0.000310069465104

Cluster 431
1,1,1,1,1   1,2,1,2,1   2,2,1,1,1   
J=0.000310069465104

Cluster 432
2,2,2,2,1   2,1,1,1,1   1,1,4,2,1   
J=0.000310069465104

Cluster 433
1,1,3,1,1   1,2,4,2,1   2,2,1,1,1   
J=0.000310069465104

Cluster 434
2,2,1,2,1   2,1,1,1,1   1,1,1,2,1   
J=0.000310069465104

Cluster 435
1,3,1,1,1   1,4,1,2,1   2,1,1,1,1   
J=0.000310069465104

Cluster 436
2,1,2,2,1   2,1,1,1,1   1,1,4,2,1   
J=0.000310069465104

Cluster 437
1,3,1,1,1   1,4,2,2,1   2,1,2,1,1   
J=0.000310069465104

Cluster 438
2,1,2,2,1   2,1,1,1,1   1,1,1,2,1   
J=0.000310069465104

Cluster 439
1,2,2,2,1   2,1,1,1,1   1,4,1,2,1   
J=0.000310069465104

Cluster 440
3,1,1,1,1   3,1,2,2,1   1,1,2,1,1   
J=0.000310069465104

Cluster 441
1,2,2,2,1   2,1,1,1,1   1,1,4,2,1   
J=0.000310069465104

Cluster 442
3,1,1,1,1   3,2,1,2,1   1,2,1,1,1   
J=0.000310069465104

Cluster 443
1,2,2,2,1   2,1,1,1,1   1,1,1,2,1   
J=0.000310069465104

Cluster 444
3,1,1,1,1   3,2,2,2,1   1,2,2,1,1   
J=0.000310069465104

Cluster 445
1,2,2,2,1   1,1,1,1,1   3,1,1,1,1   
J=0.000105839438827

Cluster 446
2,1,1,1,1   1,2,2,2,1   3,2,2,2,1   
J=0.000105839438827

Cluster 447
1,2,3,2,1   1,1,3,1,1   3,1,1,1,1   
J=0.000105839438827

Cluster 448
2,1,2,1,1   1,2,3,2,1   3,2,1,2,1   
J=0.000105839438827

Cluster 449
1,3,2,2,1   1,3,1,1,1   3,1,1,1,1   
J=0.000105839438827

Cluster 450
2,2,1,1,1   1,3,2,2,1   3,1,2,2,1   
J=0.000105839438827

Cluster 451
1,1,1,1,1   1,1,2,2,1   1,3,2,2,1   
J=0.000105839438827

Cluster 452
1,2,2,2,1   1,1,1,1,1   1,3,1,1,1   
J=0.000105839438827

Cluster 453
1,1,2,1,1   1,1,3,2,1   1,3,1,2,1   
J=0.000105839438827

Cluster 454
1,2,3,2,1   1,1,3,1,1   1,3,1,1,1   
J=0.000105839438827

Cluster 455
1,1,1,1,1   1,2,1,2,1   1,2,3,2,1   
J=0.000105839438827

Cluster 456
1,2,2,2,1   1,1,1,1,1   1,1,3,1,1   
J=0.000105839438827

Cluster 457
1,1,2,1,1   1,2,3,2,1   1,2,1,2,1   
J=0.000105839438827

Cluster 458
1,2,3,2,1   1,1,3,1,1   1,1,1,1,1   
J=0.000105839438827

Cluster 459
1,2,1,1,1   1,3,1,2,1   1,1,3,2,1   
J=0.000105839438827

Cluster 460
1,3,2,2,1   1,3,1,1,1   1,1,3,1,1   
J=0.000105839438827

Cluster 461
1,2,1,1,1   1,3,2,2,1   1,1,2,2,1   
J=0.000105839438827

Cluster 462
1,3,2,2,1   1,3,1,1,1   1,1,1,1,1   
J=0.000105839438827

Cluster 463
2,2,2,2,1   3,1,1,1,1   1,3,1,1,1   
J=0.000105839438827

Cluster 464
3,1,1,1,1   3,1,2,2,1   1,3,2,2,1   
J=0.000105839438827

Cluster 465
2,2,2,2,1   3,1,1,1,1   1,1,3,1,1   
J=0.000105839438827

Cluster 466
3,1,1,1,1   3,2,1,2,1   1,2,3,2,1   
J=0.000105839438827

Cluster 467
2,2,2,2,1   3,1,1,1,1   1,1,1,1,1   
J=0.000105839438827

Cluster 468
3,1,1,1,1   3,2,2,2,1   1,2,2,2,1   
J=0.000105839438827

Cluster 469
2,2,1,2,1   1,1,1,1,1   3,1,1,1,1   
J=1.6461171647e-06

Cluster 470
2,1,2,2,1   1,1,1,1,1   3,1,1,1,1   
J=1.6461171647e-06

Cluster 471
2,1,1,1,1   1,1,2,2,1   3,1,2,2,1   
J=1.6461171647e-06

Cluster 472
2,1,1,1,1   1,2,1,2,1   3,2,1,2,1   
J=1.6461171647e-06

Cluster 473
2,2,3,2,1   1,1,3,1,1   3,1,1,1,1   
J=1.6461171647e-06

Cluster 474
2,1,3,2,1   1,1,3,1,1   3,1,1,1,1   
J=1.6461171647e-06

Cluster 475
2,1,1,1,1   1,1,3,2,1   3,1,1,2,1   
J=1.6461171647e-06

Cluster 476
2,1,1,1,1   1,2,3,2,1   3,2,1,2,1   
J=1.6461171647e-06

Cluster 477
2,3,2,2,1   1,3,1,1,1   3,1,1,1,1   
J=1.6461171647e-06

Cluster 478
2,3,1,2,1   1,3,1,1,1   3,1,1,1,1   
J=1.6461171647e-06

Cluster 479
2,1,1,1,1   1,3,1,2,1   3,1,1,2,1   
J=1.6461171647e-06

Cluster 480
2,1,1,1,1   1,3,2,2,1   3,1,2,2,1   
J=1.6461171647e-06

Cluster 481
2,1,1,1,1   1,1,2,2,1   1,3,2,2,1   
J=1.6461171647e-06

Cluster 482
1,3,1,2,1   1,1,1,1,1   1,3,1,1,1   
J=1.6461171647e-06

Cluster 483
1,1,1,1,1   1,1,1,2,1   1,3,1,2,1   
J=1.6461171647e-06

Cluster 484
1,3,2,2,1   2,1,1,1,1   2,3,1,1,1   
J=1.6461171647e-06

Cluster 485
2,1,1,1,1   1,1,3,2,1   1,3,1,2,1   
J=1.6461171647e-06

Cluster 486
1,3,3,2,1   1,1,3,1,1   1,3,1,1,1   
J=1.6461171647e-06

Cluster 487
1,1,1,1,1   1,1,3,2,1   1,3,1,2,1   
J=1.6461171647e-06

Cluster 488
1,3,3,2,1   2,1,3,1,1   2,3,1,1,1   
J=1.6461171647e-06

Cluster 489
2,1,1,1,1   1,2,1,2,1   1,2,3,2,1   
J=1.6461171647e-06

Cluster 490
1,1,1,1,1   1,1,1,2,1   1,1,3,2,1   
J=1.6461171647e-06

Cluster 491
1,1,3,2,1   1,1,1,1,1   1,1,3,1,1   
J=1.6461171647e-06

Cluster 492
1,2,3,2,1   2,1,1,1,1   2,1,3,1,1   
J=1.6461171647e-06

Cluster 493
3,1,1,2,1   1,1,2,2,1   1,3,1,2,1   
J=0.000108112204696

Cluster 494
3,1,1,2,1   1,2,1,2,1   1,1,3,2,1   
J=0.000108112204696

Cluster 495
2,2,3,1,1   1,1,3,1,1   2,2,1,1,1   
J=0.000108112204696

Cluster 496
2,3,2,1,1   1,3,1,1,1   2,1,2,1,1   
J=0.000108112204696

Cluster 497
3,1,1,2,1   1,2,2,2,1   1,1,1,2,1   
J=0.000108112204696

Cluster 498
2,3,1,1,1   1,3,3,1,1   2,1,3,1,1   
J=0.000108112204696

Cluster 499
3,2,2,1,1   3,1,1,1,1   1,2,2,1,1   
J=0.000108112204696

Cluster 500
1,3,1,2,1   2,1,1,2,1   1,1,3,2,1   
J=0.000108112204696

Cluster 501
3,2,1,1,1   3,1,3,1,1   1,2,3,1,1   
J=0.000108112204696

Cluster 502
1,3,1,2,1   2,1,2,2,1   1,1,1,2,1   
J=0.000108112204696

Cluster 503
3,1,2,1,1   3,3,1,1,1   1,3,2,1,1   
J=0.000108112204696

Cluster 504
1,1,3,2,1   2,2,1,2,1   1,1,1,2,1   
J=0.000108112204696

Cluster 505
2,3,1,2,1   1,1,1,1,1   2,1,3,2,1   
J=-0.000194248995993

Cluster 506
3,3,1,1,1   1,3,3,2,1   3,1,3,1,1   
J=-0.000194248995993

Cluster 507
2,3,1,2,1   1,1,2,1,1   2,1,1,2,1   
J=-0.000194248995993

Cluster 508
3,3,1,1,1   1,3,3,2,1   3,1,1,1,1   
J=-0.000194248995993

Cluster 509
2,1,3,2,1   1,2,1,1,1   2,1,1,2,1   
J=-0.000194248995993

Cluster 510
3,1,3,1,1   1,3,3,2,1   3,1,1,1,1   
J=-0.000194248995993

Cluster 511
3,2,1,1,1   2,1,3,2,1   1,2,3,1,1   
J=-0.000194248995993

Cluster 512
3,3,1,2,1   2,1,1,1,1   1,3,3,2,1   
J=-0.000194248995993

Cluster 513
3,2,1,1,1   2,1,3,2,1   1,2,1,1,1   
J=-0.000194248995993

Cluster 514
3,3,1,2,1   2,1,2,1,1   1,3,1,2,1   
J=-0.000194248995993

Cluster 515
3,1,2,1,1   2,3,1,2,1   1,3,2,1,1   
J=-0.000194248995993

Cluster 516
3,1,3,2,1   2,1,1,1,1   1,3,3,2,1   
J=-0.000194248995993

Cluster 517
3,1,1,1,1   2,3,3,2,1   1,3,1,1,1   
J=-0.000194248995993

Cluster 518
3,1,1,2,1   2,1,2,1,1   1,3,1,2,1   
J=-0.000194248995993

Cluster 519
3,1,2,1,1   2,3,1,2,1   1,1,2,1,1   
J=-0.000194248995993

Cluster 520
3,1,3,2,1   2,2,1,1,1   1,1,3,2,1   
J=-0.000194248995993

Cluster 521
3,1,1,1,1   2,3,3,2,1   1,1,3,1,1   
J=-0.000194248995993

Cluster 522
3,1,1,2,1   2,2,1,1,1   1,1,3,2,1   
J=-0.000194248995993

Cluster 523
1,3,3,2,1   3,1,1,1,1   1,3,1,2,1   
J=-0.000194248995993

Cluster 524
1,2,3,1,1   2,1,3,2,1   1,2,1,1,1   
J=-0.000194248995993

Cluster 525
1,3,3,2,1   3,1,1,1,1   1,1,3,2,1   
J=-0.000194248995993

Cluster 526
1,3,2,1,1   2,3,1,2,1   1,1,2,1,1   
J=-0.000194248995993

Cluster 527
1,3,1,2,1   3,1,1,1,1   1,1,3,2,1   
J=-0.000194248995993

Cluster 528
1,3,1,1,1   2,3,3,2,1   1,1,3,1,1   
J=-0.000194248995993

Cluster 529
3,1,1,2,1   1,1,1,2,1   1,3,1,2,1   
J=-8.22008916442e-06

Cluster 530
3,1,1,2,1   1,1,1,2,1   1,1,3,2,1   
J=-8.22008916442e-06

Cluster 531
3,1,3,1,1   1,1,3,1,1   3,1,1,1,1   
J=-8.22008916442e-06

Cluster 532
3,3,1,1,1   1,3,1,1,1   3,1,1,1,1   
J=-8.22008916442e-06

Cluster 533
3,1,1,2,1   1,1,3,2,1   1,3,1,2,1   
J=-8.22008916442e-06

Cluster 534
3,3,1,1,1   1,3,3,1,1   3,1,3,1,1   
J=-8.22008916442e-06

Cluster 535
1,3,3,1,1   1,1,3,1,1   1,3,1,1,1   
J=-8.22008916442e-06

Cluster 536
1,3,1,2,1   1,1,1,2,1   1,1,3,2,1   
J=-8.22008916442e-06

Cluster 537
1,2,3,2,1   2,1,2,1,1   1,1,2,1,1   2,1,1,1,1   
J=0.000439980217919

Cluster 538
1,3,2,2,1   2,2,1,1,1   1,2,1,1,1   2,1,1,1,1   
J=0.000439980217919

Cluster 539
2,1,1,1,1   2,2,2,2,1   1,2,2,2,1   1,3,2,2,1   
J=0.000439980217919

Cluster 540
2,1,1,1,1   2,2,2,2,1   1,2,2,2,1   1,2,3,2,1   
J=0.000439980217919

Cluster 541
1,2,2,2,1   2,1,1,1,1   1,1,2,1,1   2,1,2,1,1   
J=0.000439980217919

Cluster 542
1,3,2,2,1   2,2,1,1,1   1,2,2,1,1   2,1,2,1,1   
J=0.000439980217919

Cluster 543
2,1,1,1,1   2,2,1,2,1   1,2,2,2,1   1,3,1,2,1   
J=0.000439980217919

Cluster 544
2,1,1,1,1   2,2,1,2,1   1,2,2,2,1   1,2,1,2,1   
J=0.000439980217919

Cluster 545
1,2,2,2,1   2,1,1,1,1   1,2,1,1,1   2,2,1,1,1   
J=0.000439980217919

Cluster 546
1,2,3,2,1   2,1,2,1,1   1,2,2,1,1   2,2,1,1,1   
J=0.000439980217919

Cluster 547
2,1,1,1,1   2,1,2,2,1   1,2,2,2,1   1,1,3,2,1   
J=0.000439980217919

Cluster 548
2,1,1,1,1   2,1,2,2,1   1,2,2,2,1   1,1,2,2,1   
J=0.000439980217919

Cluster 549
1,1,1,1,1   1,2,2,2,1   1,1,2,2,1   2,1,2,2,1   
J=0.000439980217919

Cluster 550
1,2,3,2,1   1,2,2,1,1   1,1,2,1,1   1,2,1,1,1   
J=0.000439980217919

Cluster 551
1,1,1,1,1   1,2,2,2,1   1,1,2,2,1   1,1,3,2,1   
J=0.000439980217919

Cluster 552
2,2,2,2,1   2,2,1,1,1   2,1,1,1,1   1,2,1,1,1   
J=0.000439980217919

Cluster 553
1,1,1,1,1   1,2,1,2,1   1,1,2,2,1   2,1,1,2,1   
J=0.000439980217919

Cluster 554
1,2,2,2,1   1,2,1,1,1   1,1,2,1,1   1,2,2,1,1   
J=0.000439980217919

Cluster 555
1,1,1,1,1   1,2,1,2,1   1,1,2,2,1   1,1,1,2,1   
J=0.000439980217919

Cluster 556
2,2,2,2,1   2,2,1,1,1   2,1,2,1,1   1,2,2,1,1   
J=0.000439980217919

Cluster 557
1,1,1,1,1   1,2,2,2,1   1,2,1,2,1   2,2,1,2,1   
J=0.000439980217919

Cluster 558
1,1,1,1,1   1,2,2,2,1   1,2,1,2,1   1,3,1,2,1   
J=0.000439980217919

Cluster 559
1,3,2,2,1   1,2,2,1,1   1,2,1,1,1   1,1,2,1,1   
J=0.000439980217919

Cluster 560
2,2,2,2,1   2,1,2,1,1   2,1,1,1,1   1,1,2,1,1   
J=0.000439980217919

Cluster 561
1,3,2,2,1   2,2,1,1,1   1,2,2,2,1   2,1,2,1,1   
J=0.000174234676472

Cluster 562
1,2,3,2,1   2,1,2,1,1   1,2,2,2,1   2,2,1,1,1   
J=0.000174234676472

Cluster 563
2,1,1,1,1   2,2,2,2,1   1,1,2,1,1   2,1,3,2,1   
J=0.000174234676472

Cluster 564
2,1,1,1,1   2,2,2,2,1   1,2,1,1,1   2,3,1,2,1   
J=0.000174234676472

Cluster 565
1,3,2,2,1   2,2,1,1,1   1,2,3,2,1   2,1,1,1,1   
J=0.000174234676472

Cluster 566
1,2,2,2,1   2,1,1,1,1   1,2,3,2,1   2,2,1,1,1   
J=0.000174234676472

Cluster 567
2,1,1,1,1   2,2,1,2,1   1,1,1,1,1   2,1,1,2,1   
J=0.000174234676472

Cluster 568
2,1,1,1,1   2,2,1,2,1   1,2,1,1,1   2,3,1,2,1   
J=0.000174234676472

Cluster 569
1,2,3,2,1   2,1,2,1,1   1,3,2,2,1   2,1,1,1,1   
J=0.000174234676472

Cluster 570
1,2,2,2,1   2,1,1,1,1   1,3,2,2,1   2,1,2,1,1   
J=0.000174234676472

Cluster 571
2,1,1,1,1   2,1,2,2,1   1,1,1,1,1   2,1,1,2,1   
J=0.000174234676472

Cluster 572
2,1,1,1,1   2,1,2,2,1   1,1,2,1,1   2,1,3,2,1   
J=0.000174234676472

Cluster 573
2,2,1,1,1   2,3,2,2,1   2,1,2,1,1   1,3,3,2,1   
J=0.000174234676472

Cluster 574
2,1,2,2,1   2,1,1,1,1   1,1,2,2,1   1,1,2,1,1   
J=0.000174234676472

Cluster 575
1,2,1,1,1   1,3,2,2,1   2,1,1,1,1   2,3,1,2,1   
J=0.000174234676472

Cluster 576
1,1,3,2,1   1,1,2,1,1   1,1,2,2,1   2,1,1,1,1   
J=0.000174234676472

Cluster 577
2,2,1,1,1   2,3,1,2,1   2,1,1,1,1   1,3,1,2,1   
J=0.000174234676472

Cluster 578
2,1,2,2,1   2,1,1,1,1   1,1,3,2,1   1,1,1,1,1   
J=0.000174234676472

Cluster 579
1,2,1,1,1   1,3,1,2,1   2,1,1,1,1   2,3,1,2,1   
J=0.000174234676472

Cluster 580
1,1,2,2,1   1,1,1,1,1   1,1,3,2,1   2,1,1,1,1   
J=0.000174234676472

Cluster 581
2,1,2,1,1   2,2,3,2,1   2,2,1,1,1   1,3,3,2,1   
J=0.000174234676472

Cluster 582
1,1,2,1,1   1,2,3,2,1   2,1,1,1,1   2,1,3,2,1   
J=0.000174234676472

Cluster 583
2,2,1,2,1   2,1,1,1,1   1,2,1,2,1   1,2,1,1,1   
J=0.000174234676472

Cluster 584
1,3,1,2,1   1,2,1,1,1   1,2,1,2,1   2,1,1,1,1   
J=0.000174234676472

Cluster 585
2,1,1,1,1   2,2,1,2,1   2,2,1,1,1   1,3,1,2,1   
J=0.000174234676472

Cluster 586
1,1,1,1,1   1,2,1,2,1   2,1,1,1,1   2,1,1,2,1   
J=0.000174234676472

Cluster 587
2,2,2,2,1   2,1,1,1,1   1,2,3,2,1   1,2,1,1,1   
J=0.000174234676472

Cluster 588
1,3,2,2,1   1,2,1,1,1   1,2,3,2,1   2,1,1,1,1   
J=0.000174234676472

Cluster 589
2,1,2,1,1   2,1,3,2,1   2,1,1,1,1   1,1,3,2,1   
J=0.000174234676472

Cluster 590
2,2,1,2,1   2,1,1,1,1   1,3,1,2,1   1,1,1,1,1   
J=0.000174234676472

Cluster 591
1,1,2,1,1   1,1,3,2,1   2,1,1,1,1   2,1,3,2,1   
J=0.000174234676472

Cluster 592
1,2,1,2,1   1,1,1,1,1   1,3,1,2,1   2,1,1,1,1   
J=0.000174234676472

Cluster 593
2,1,1,1,1   2,1,2,2,1   2,1,2,1,1   1,1,3,2,1   
J=0.000174234676472

Cluster 594
2,2,2,2,1   2,1,1,1,1   1,3,2,2,1   1,1,2,1,1   
J=0.000174234676472

Cluster 595
1,1,1,1,1   1,1,2,2,1   2,1,1,1,1   2,1,1,2,1   
J=0.000174234676472

Cluster 596
1,2,3,2,1   1,1,2,1,1   1,3,2,2,1   2,1,1,1,1   
J=0.000174234676472

Cluster 597
1,1,3,2,1   1,1,2,1,1   2,1,2,2,1   1,1,1,1,1   
J=0.000174234676472

Cluster 598
1,1,2,2,1   1,1,1,1,1   2,1,2,2,1   1,1,2,1,1   
J=0.000174234676472

Cluster 599
2,2,1,1,1   1,3,2,2,1   2,1,1,1,1   1,3,1,2,1   
J=0.000174234676472

Cluster 600
2,2,1,1,1   1,3,2,2,1   2,1,2,1,1   1,3,3,2,1   
J=0.000174234676472

Cluster 601
1,3,1,2,1   1,2,1,1,1   2,2,1,2,1   1,1,1,1,1   
J=0.000174234676472

Cluster 602
1,2,1,2,1   1,1,1,1,1   2,2,1,2,1   1,2,1,1,1   
J=0.000174234676472

Cluster 603
2,1,2,1,1   1,2,3,2,1   2,1,1,1,1   1,1,3,2,1   
J=0.000174234676472

Cluster 604
2,1,2,1,1   1,2,3,2,1   2,2,1,1,1   1,3,3,2,1   
J=0.000174234676472

Cluster 605
1,3,2,2,1   1,2,1,1,1   2,2,2,2,1   1,1,2,1,1   
J=0.000174234676472

Cluster 606
1,2,3,2,1   1,1,2,1,1   2,2,2,2,1   1,2,1,1,1   
J=0.000174234676472

Cluster 607
2,1,1,1,1   1,2,2,2,1   2,1,2,1,1   1,1,3,2,1   
J=0.000174234676472

Cluster 608
2,1,1,1,1   1,2,2,2,1   2,2,1,1,1   1,3,1,2,1   
J=0.000174234676472

Cluster 609
1,2,2,2,1   2,1,1,1,1   1,1,2,2,1   2,1,1,2,1   
J=2.15158559638e-05

Cluster 610
1,2,2,2,1   2,1,1,1,1   1,2,1,2,1   2,1,1,2,1   
J=2.15158559638e-05

Cluster 611
2,1,1,1,1   2,2,2,2,1   1,1,2,1,1   1,2,2,1,1   
J=2.15158559638e-05

Cluster 612
2,1,1,1,1   2,2,2,2,1   1,2,1,1,1   1,2,2,1,1   
J=2.15158559638e-05

Cluster 613
1,2,2,2,1   2,1,1,1,1   1,1,3,2,1   2,1,3,2,1   
J=2.15158559638e-05

Cluster 614
1,2,2,2,1   2,1,1,1,1   1,2,3,2,1   2,1,3,2,1   
J=2.15158559638e-05

Cluster 615
2,1,2,1,1   2,2,2,2,1   1,1,2,1,1   1,2,1,1,1   
J=2.15158559638e-05

Cluster 616
2,1,2,1,1   2,2,2,2,1   1,2,2,1,1   1,2,1,1,1   
J=2.15158559638e-05

Cluster 617
1,2,2,2,1   2,1,1,1,1   1,3,1,2,1   2,3,1,2,1   
J=2.15158559638e-05

Cluster 618
1,2,2,2,1   2,1,1,1,1   1,3,2,2,1   2,3,1,2,1   
J=2.15158559638e-05

Cluster 619
2,2,1,1,1   2,2,2,2,1   1,2,1,1,1   1,1,2,1,1   
J=2.15158559638e-05

Cluster 620
2,2,1,1,1   2,2,2,2,1   1,2,2,1,1   1,1,2,1,1   
J=2.15158559638e-05

Cluster 621
1,2,1,1,1   1,3,2,2,1   1,1,2,1,1   2,1,2,1,1   
J=2.15158559638e-05

Cluster 622
2,1,2,2,1   2,1,1,1,1   1,1,2,2,1   1,2,1,2,1   
J=2.15158559638e-05

Cluster 623
1,2,1,1,1   1,3,2,2,1   2,1,1,1,1   2,1,2,1,1   
J=2.15158559638e-05

Cluster 624
2,1,2,2,1   2,1,1,1,1   2,1,1,2,1   1,2,1,2,1   
J=2.15158559638e-05

Cluster 625
1,2,2,1,1   1,3,2,2,1   1,1,2,1,1   2,1,1,1,1   
J=2.15158559638e-05

Cluster 626
2,1,2,2,1   2,1,1,1,1   1,1,3,2,1   1,2,3,2,1   
J=2.15158559638e-05

Cluster 627
1,2,2,1,1   1,3,2,2,1   2,1,2,1,1   2,1,1,1,1   
J=2.15158559638e-05

Cluster 628
2,1,2,2,1   2,1,1,1,1   2,1,3,2,1   1,2,3,2,1   
J=2.15158559638e-05

Cluster 629
1,1,2,1,1   1,2,3,2,1   1,2,1,1,1   2,2,1,1,1   
J=2.15158559638e-05

Cluster 630
1,1,2,1,1   1,2,3,2,1   2,1,1,1,1   2,2,1,1,1   
J=2.15158559638e-05

Cluster 631
2,2,1,2,1   2,1,1,1,1   1,2,1,2,1   1,1,2,2,1   
J=2.15158559638e-05

Cluster 632
2,2,1,2,1   2,1,1,1,1   2,1,1,2,1   1,1,2,2,1   
J=2.15158559638e-05

Cluster 633
1,1,2,1,1   1,2,2,2,1   1,2,2,1,1   2,2,1,1,1   
J=2.15158559638e-05

Cluster 634
1,1,2,1,1   1,2,2,2,1   2,1,2,1,1   2,2,1,1,1   
J=2.15158559638e-05

Cluster 635
2,2,2,2,1   2,1,1,1,1   1,2,3,2,1   1,1,3,2,1   
J=2.15158559638e-05

Cluster 636
2,2,2,2,1   2,1,1,1,1   2,1,3,2,1   1,1,3,2,1   
J=2.15158559638e-05

Cluster 637
1,2,2,1,1   1,2,3,2,1   1,2,1,1,1   2,1,1,1,1   
J=2.15158559638e-05

Cluster 638
2,2,1,2,1   2,1,1,1,1   1,3,1,2,1   1,3,2,2,1   
J=2.15158559638e-05

Cluster 639
1,2,2,1,1   1,2,3,2,1   2,2,1,1,1   2,1,1,1,1   
J=2.15158559638e-05

Cluster 640
2,2,1,2,1   2,1,1,1,1   2,3,1,2,1   1,3,2,2,1   
J=2.15158559638e-05

Cluster 641
1,2,1,1,1   1,2,2,2,1   1,2,2,1,1   2,1,2,1,1   
J=2.15158559638e-05

Cluster 642
2,2,2,2,1   2,1,1,1,1   1,3,2,2,1   1,3,1,2,1   
J=2.15158559638e-05

Cluster 643
1,2,1,1,1   1,2,2,2,1   2,2,1,1,1   2,1,2,1,1   
J=2.15158559638e-05

Cluster 644
2,2,2,2,1   2,1,1,1,1   2,3,1,2,1   1,3,1,2,1   
J=2.15158559638e-05

Cluster 645
1,1,2,2,1   1,1,1,1,1   2,1,1,2,1   2,2,1,2,1   
J=2.15158559638e-05

Cluster 646
1,1,2,2,1   1,1,1,1,1   2,1,2,2,1   2,2,1,2,1   
J=2.15158559638e-05

Cluster 647
2,2,1,1,1   1,3,2,2,1   2,1,1,1,1   1,1,2,1,1   
J=2.15158559638e-05

Cluster 648
2,2,1,1,1   1,3,2,2,1   2,1,2,1,1   1,1,2,1,1   
J=2.15158559638e-05

Cluster 649
1,2,1,2,1   1,1,1,1,1   2,1,1,2,1   2,1,2,2,1   
J=2.15158559638e-05

Cluster 650
1,2,1,2,1   1,1,1,1,1   2,2,1,2,1   2,1,2,2,1   
J=2.15158559638e-05

Cluster 651
2,1,2,1,1   1,2,3,2,1   2,1,1,1,1   1,2,1,1,1   
J=2.15158559638e-05

Cluster 652
2,1,2,1,1   1,2,3,2,1   2,2,1,1,1   1,2,1,1,1   
J=2.15158559638e-05

Cluster 653
1,2,2,2,1   1,1,1,1,1   2,1,2,2,1   2,1,1,2,1   
J=2.15158559638e-05

Cluster 654
1,2,2,2,1   1,1,1,1,1   2,2,1,2,1   2,1,1,2,1   
J=2.15158559638e-05

Cluster 655
2,1,1,1,1   1,2,2,2,1   2,1,2,1,1   1,2,2,1,1   
J=2.15158559638e-05

Cluster 656
2,1,1,1,1   1,2,2,2,1   2,2,1,1,1   1,2,2,1,1   
J=2.15158559638e-05

Cluster 657
1,2,3,2,1   2,1,2,1,1   1,1,3,2,1   1,2,1,1,1   
J=8.18571059415e-05

Cluster 658
1,3,2,2,1   2,2,1,1,1   1,3,1,2,1   1,1,2,1,1   
J=8.18571059415e-05

Cluster 659
2,1,1,1,1   2,2,2,2,1   1,1,2,1,1   1,3,1,2,1   
J=8.18571059415e-05

Cluster 660
2,1,1,1,1   2,2,2,2,1   1,2,1,1,1   1,1,3,2,1   
J=8.18571059415e-05

Cluster 661
1,2,2,2,1   2,1,1,1,1   1,1,3,2,1   1,2,2,1,1   
J=8.18571059415e-05

Cluster 662
1,3,2,2,1   2,2,1,1,1   1,3,3,2,1   1,1,2,1,1   
J=8.18571059415e-05

Cluster 663
2,1,1,1,1   2,2,1,2,1   1,1,1,1,1   1,3,2,2,1   
J=8.18571059415e-05

Cluster 664
2,1,1,1,1   2,2,1,2,1   1,2,1,1,1   1,1,2,2,1   
J=8.18571059415e-05

Cluster 665
1,2,2,2,1   2,1,1,1,1   1,3,1,2,1   1,2,2,1,1   
J=8.18571059415e-05

Cluster 666
1,2,3,2,1   2,1,2,1,1   1,3,3,2,1   1,2,1,1,1   
J=8.18571059415e-05

Cluster 667
2,1,1,1,1   2,1,2,2,1   1,1,1,1,1   1,2,3,2,1   
J=8.18571059415e-05

Cluster 668
2,1,1,1,1   2,1,2,2,1   1,1,2,1,1   1,2,1,2,1   
J=8.18571059415e-05

Cluster 669
1,2,1,1,1   1,3,2,2,1   1,1,2,1,1   2,2,1,2,1   
J=8.18571059415e-05

Cluster 670
2,2,3,2,1   2,2,2,1,1   1,2,3,2,1   3,1,1,1,1   
J=8.18571059415e-05

Cluster 671
2,2,1,1,1   2,3,2,2,1   3,1,1,1,1   1,2,3,2,1   
J=8.18571059415e-05

Cluster 672
2,2,2,2,1   2,2,1,1,1   2,2,1,2,1   1,1,2,1,1   
J=8.18571059415e-05

Cluster 673
1,2,1,1,1   1,3,1,2,1   1,1,1,1,1   2,2,2,2,1   
J=8.18571059415e-05

Cluster 674
2,2,2,2,1   2,2,1,1,1   1,2,3,2,1   3,1,2,1,1   
J=8.18571059415e-05

Cluster 675
2,2,1,1,1   2,3,1,2,1   3,1,1,1,1   1,2,2,2,1   
J=8.18571059415e-05

Cluster 676
2,2,2,2,1   2,2,1,1,1   2,2,3,2,1   1,1,2,1,1   
J=8.18571059415e-05

Cluster 677
1,1,2,1,1   1,2,3,2,1   1,2,1,1,1   2,1,2,2,1   
J=8.18571059415e-05

Cluster 678
2,1,2,1,1   2,2,3,2,1   3,1,1,1,1   1,3,2,2,1   
J=8.18571059415e-05

Cluster 679
2,3,2,2,1   2,2,2,1,1   1,3,2,2,1   3,1,1,1,1   
J=8.18571059415e-05

Cluster 680
2,2,2,2,1   2,1,2,1,1   2,1,2,2,1   1,2,1,1,1   
J=8.18571059415e-05

Cluster 681
1,1,1,1,1   1,2,1,2,1   1,2,1,1,1   2,1,2,2,1   
J=8.18571059415e-05

Cluster 682
2,1,1,1,1   2,2,1,2,1   3,1,1,1,1   1,3,2,2,1   
J=8.18571059415e-05

Cluster 683
2,3,2,2,1   2,2,1,1,1   1,3,3,2,1   3,1,2,1,1   
J=8.18571059415e-05

Cluster 684
2,2,2,2,1   2,1,1,1,1   2,1,3,2,1   1,2,2,1,1   
J=8.18571059415e-05

Cluster 685
1,1,2,1,1   1,1,3,2,1   1,1,1,1,1   2,2,2,2,1   
J=8.18571059415e-05

Cluster 686
2,2,2,2,1   2,1,2,1,1   1,3,2,2,1   3,2,1,1,1   
J=8.18571059415e-05

Cluster 687
2,1,2,1,1   2,1,3,2,1   3,1,1,1,1   1,2,2,2,1   
J=8.18571059415e-05

Cluster 688
2,2,2,2,1   2,1,2,1,1   2,3,2,2,1   1,2,1,1,1   
J=8.18571059415e-05

Cluster 689
1,1,1,1,1   1,1,2,2,1   1,1,2,1,1   2,2,1,2,1   
J=8.18571059415e-05

Cluster 690
2,2,3,2,1   2,1,2,1,1   1,3,3,2,1   3,2,1,1,1   
J=8.18571059415e-05

Cluster 691
2,1,1,1,1   2,1,2,2,1   3,1,1,1,1   1,2,3,2,1   
J=8.18571059415e-05

Cluster 692
2,2,2,2,1   2,1,1,1,1   2,3,1,2,1   1,2,2,1,1   
J=8.18571059415e-05

Cluster 693
1,2,2,2,1   1,2,1,1,1   2,2,1,2,1   2,1,2,1,1   
J=8.18571059415e-05

Cluster 694
1,2,3,2,1   1,2,2,1,1   2,2,3,2,1   2,1,1,1,1   
J=8.18571059415e-05

Cluster 695
2,2,1,1,1   1,3,2,2,1   2,1,1,1,1   2,2,3,2,1   
J=8.18571059415e-05

Cluster 696
2,2,1,1,1   1,3,2,2,1   2,1,2,1,1   2,2,1,2,1   
J=8.18571059415e-05

Cluster 697
1,2,2,2,1   1,1,2,1,1   2,1,2,2,1   2,2,1,1,1   
J=8.18571059415e-05

Cluster 698
1,3,2,2,1   1,2,2,1,1   2,3,2,2,1   2,1,1,1,1   
J=8.18571059415e-05

Cluster 699
2,1,2,1,1   1,2,3,2,1   2,1,1,1,1   2,3,2,2,1   
J=8.18571059415e-05

Cluster 700
2,1,2,1,1   1,2,3,2,1   2,2,1,1,1   2,1,2,2,1   
J=8.18571059415e-05

Cluster 701
1,2,3,2,1   1,1,2,1,1   2,1,3,2,1   2,2,1,1,1   
J=8.18571059415e-05

Cluster 702
1,3,2,2,1   1,2,1,1,1   2,3,1,2,1   2,1,2,1,1   
J=8.18571059415e-05

Cluster 703
2,1,1,1,1   1,2,2,2,1   2,1,2,1,1   2,3,1,2,1   
J=8.18571059415e-05

Cluster 704
2,1,1,1,1   1,2,2,2,1   2,2,1,1,1   2,1,3,2,1   
J=8.18571059415e-05

Cluster 705
1,2,2,2,1   2,1,1,1,1   1,1,1,1,1   2,2,2,2,1   
J=-0.000337738993802

Cluster 706
2,1,1,1,1   2,2,2,2,1   1,2,2,2,1   3,1,1,1,1   
J=-0.000337738993802

Cluster 707
1,2,2,2,1   2,1,1,1,1   1,1,2,1,1   2,2,1,2,1   
J=-0.000337738993802

Cluster 708
2,1,2,1,1   2,2,2,2,1   1,2,3,2,1   3,1,1,1,1   
J=-0.000337738993802

Cluster 709
1,2,2,2,1   2,1,1,1,1   1,2,1,1,1   2,1,2,2,1   
J=-0.000337738993802

Cluster 710
2,2,1,1,1   2,2,2,2,1   1,3,2,2,1   3,1,1,1,1   
J=-0.000337738993802

Cluster 711
1,1,1,1,1   1,2,2,2,1   1,1,2,2,1   1,2,1,1,1   
J=-0.000337738993802

Cluster 712
1,2,2,2,1   1,2,1,1,1   1,1,1,1,1   1,3,2,2,1   
J=-0.000337738993802

Cluster 713
1,1,2,1,1   1,2,2,2,1   1,1,3,2,1   1,2,1,1,1   
J=-0.000337738993802

Cluster 714
1,2,2,2,1   1,2,1,1,1   1,1,2,1,1   1,3,1,2,1   
J=-0.000337738993802

Cluster 715
1,1,1,1,1   1,2,2,2,1   1,2,1,2,1   1,1,2,1,1   
J=-0.000337738993802

Cluster 716
1,2,2,2,1   1,1,2,1,1   1,1,1,1,1   1,2,3,2,1   
J=-0.000337738993802

Cluster 717
1,1,2,2,1   2,1,2,2,1   1,1,3,2,1   1,2,1,1,1   
J=-0.000234682449472

Cluster 718
1,2,1,2,1   2,2,1,2,1   1,3,1,2,1   1,1,2,1,1   
J=-0.000234682449472

Cluster 719
1,2,2,1,1   2,2,2,1,1   2,1,2,1,1   2,3,1,2,1   
J=-0.000234682449472

Cluster 720
1,2,2,1,1   2,2,2,1,1   2,2,1,1,1   2,1,3,2,1   
J=-0.000234682449472

Cluster 721
1,2,3,2,1   2,2,2,2,1   1,3,2,2,1   1,1,1,1,1   
J=-0.000234682449472

Cluster 722
1,2,2,1,1   2,2,1,1,1   2,1,2,1,1   2,3,3,2,1   
J=-0.000234682449472

Cluster 723
1,2,2,2,1   1,3,2,2,1   1,2,3,2,1   3,1,1,1,1   
J=-0.000234682449472

Cluster 724
3,1,2,1,1   3,2,2,1,1   3,2,1,1,1   1,3,3,2,1   
J=-0.000234682449472

Cluster 725
1,1,2,2,1   2,1,2,2,1   1,1,2,1,1   2,2,1,2,1   
J=0.000289300112509

Cluster 726
1,2,1,2,1   2,2,1,2,1   1,2,1,1,1   2,1,2,2,1   
J=0.000289300112509

Cluster 727
1,1,2,1,1   2,1,2,1,1   2,1,2,2,1   2,2,1,1,1   
J=0.000289300112509

Cluster 728
1,2,1,1,1   2,2,1,1,1   2,2,1,2,1   2,1,2,1,1   
J=0.000289300112509

Cluster 729
1,1,3,2,1   2,1,2,2,1   1,1,1,1,1   2,2,2,2,1   
J=0.000289300112509

Cluster 730
1,2,3,2,1   2,2,2,2,1   1,2,1,1,1   2,1,2,2,1   
J=0.000289300112509

Cluster 731
1,1,2,1,1   2,1,1,1,1   2,1,3,2,1   2,2,1,1,1   
J=0.000289300112509

Cluster 732
1,2,2,1,1   2,2,1,1,1   2,2,3,2,1   2,1,1,1,1   
J=0.000289300112509

Cluster 733
1,3,1,2,1   2,2,1,2,1   1,1,1,1,1   2,2,2,2,1   
J=0.000289300112509

Cluster 734
1,3,2,2,1   2,2,2,2,1   1,1,2,1,1   2,2,1,2,1   
J=0.000289300112509

Cluster 735
1,2,1,1,1   2,1,1,1,1   2,3,1,2,1   2,1,2,1,1   
J=0.000289300112509

Cluster 736
1,2,2,1,1   2,1,2,1,1   2,3,2,2,1   2,1,1,1,1   
J=0.000289300112509

Cluster 737
2,1,2,1,1   2,2,2,1,1   1,3,2,2,1   3,2,1,1,1   
J=0.000289300112509

Cluster 738
1,2,2,2,1   1,3,2,2,1   2,1,2,1,1   2,3,1,2,1   
J=0.000289300112509

Cluster 739
2,1,1,1,1   2,2,1,1,1   1,3,1,2,1   1,2,2,1,1   
J=0.000289300112509

Cluster 740
2,2,1,2,1   2,3,1,2,1   3,1,1,1,1   1,3,2,2,1   
J=0.000289300112509

Cluster 741
2,1,2,1,1   2,2,1,1,1   1,3,3,2,1   3,2,1,1,1   
J=0.000289300112509

Cluster 742
1,2,3,2,1   1,3,2,2,1   2,1,1,1,1   2,3,2,2,1   
J=0.000289300112509

Cluster 743
2,1,2,1,1   2,2,1,1,1   1,3,3,2,1   1,2,1,1,1   
J=0.000289300112509

Cluster 744
2,2,3,2,1   2,3,2,2,1   3,1,1,1,1   1,3,2,2,1   
J=0.000289300112509

Cluster 745
2,2,1,1,1   2,2,2,1,1   1,2,3,2,1   3,1,2,1,1   
J=0.000289300112509

Cluster 746
2,1,1,1,1   2,1,2,1,1   1,1,3,2,1   1,2,2,1,1   
J=0.000289300112509

Cluster 747
1,2,2,2,1   1,2,3,2,1   2,2,1,1,1   2,1,3,2,1   
J=0.000289300112509

Cluster 748
2,1,2,2,1   2,1,3,2,1   3,1,1,1,1   1,2,3,2,1   
J=0.000289300112509

Cluster 749
2,2,2,1,1   2,2,1,1,1   1,2,3,2,1   3,1,1,1,1   
J=0.000289300112509

Cluster 750
2,1,2,1,1   2,1,1,1,1   1,1,3,2,1   1,2,1,1,1   
J=0.000289300112509

Cluster 751
1,2,3,2,1   1,2,2,2,1   2,2,1,1,1   2,1,2,2,1   
J=0.000289300112509

Cluster 752
2,1,3,2,1   2,1,2,2,1   3,1,1,1,1   1,2,2,2,1   
J=0.000289300112509

Cluster 753
2,2,1,1,1   2,1,2,1,1   1,3,3,2,1   3,1,2,1,1   
J=0.000289300112509

Cluster 754
1,3,2,2,1   1,2,3,2,1   2,1,1,1,1   2,2,3,2,1   
J=0.000289300112509

Cluster 755
2,2,1,1,1   2,1,2,1,1   1,3,3,2,1   1,1,2,1,1   
J=0.000289300112509

Cluster 756
2,3,2,2,1   2,2,3,2,1   3,1,1,1,1   1,2,3,2,1   
J=0.000289300112509

Cluster 757
2,2,2,1,1   2,1,2,1,1   1,3,2,2,1   3,1,1,1,1   
J=0.000289300112509

Cluster 758
1,3,2,2,1   1,2,2,2,1   2,1,2,1,1   2,2,1,2,1   
J=0.000289300112509

Cluster 759
2,2,1,1,1   2,1,1,1,1   1,3,1,2,1   1,1,2,1,1   
J=0.000289300112509

Cluster 760
2,3,1,2,1   2,2,1,2,1   3,1,1,1,1   1,2,2,2,1   
J=0.000289300112509

Cluster 761
2,2,1,2,1   1,3,1,2,1   1,1,1,1,1   1,3,2,2,1   
J=0.000289300112509

Cluster 762
2,2,2,2,1   1,3,2,2,1   1,1,2,1,1   1,3,1,2,1   
J=0.000289300112509

Cluster 763
2,1,1,1,1   1,2,1,1,1   2,3,1,2,1   1,2,2,1,1   
J=0.000289300112509

Cluster 764
2,1,2,1,1   1,2,2,1,1   2,3,2,2,1   1,2,1,1,1   
J=0.000289300112509

Cluster 765
2,1,2,2,1   1,1,3,2,1   1,1,1,1,1   1,2,3,2,1   
J=0.000289300112509

Cluster 766
2,2,2,2,1   1,2,3,2,1   1,2,1,1,1   1,1,3,2,1   
J=0.000289300112509

Cluster 767
2,1,1,1,1   1,1,2,1,1   2,1,3,2,1   1,2,2,1,1   
J=0.000289300112509

Cluster 768
2,2,1,1,1   1,2,2,1,1   2,2,3,2,1   1,1,2,1,1   
J=0.000289300112509

Cluster 769
2,1,2,2,1   1,1,2,2,1   1,1,2,1,1   1,2,1,2,1   
J=0.000289300112509

Cluster 770
2,2,1,2,1   1,2,1,2,1   1,2,1,1,1   1,1,2,2,1   
J=0.000289300112509

Cluster 771
2,1,2,1,1   1,1,2,1,1   2,1,2,2,1   1,2,1,1,1   
J=0.000289300112509

Cluster 772
2,2,1,1,1   1,2,1,1,1   2,2,1,2,1   1,1,2,1,1   
J=0.000289300112509

Cluster 773
1,3,2,2,1   2,2,1,1,1   1,1,2,1,1   2,2,3,2,1   
J=0.000217682148118

Cluster 774
1,2,3,2,1   2,1,2,1,1   1,2,1,1,1   2,3,2,2,1   
J=0.000217682148118

Cluster 775
2,2,1,1,1   2,3,2,2,1   1,2,3,2,1   3,1,2,1,1   
J=0.000217682148118

Cluster 776
2,1,2,1,1   2,2,3,2,1   1,3,2,2,1   3,2,1,1,1   
J=0.000217682148118

Cluster 777
1,3,2,2,1   2,2,1,1,1   1,1,2,1,1   2,2,1,2,1   
J=0.000217682148118

Cluster 778
1,2,2,2,1   2,1,1,1,1   1,2,2,1,1   2,3,1,2,1   
J=0.000217682148118

Cluster 779
2,2,2,1,1   2,3,2,2,1   1,2,3,2,1   3,1,1,1,1   
J=0.000217682148118

Cluster 780
2,1,2,1,1   2,2,2,2,1   1,3,3,2,1   3,2,1,1,1   
J=0.000217682148118

Cluster 781
1,2,3,2,1   2,1,2,1,1   1,2,1,1,1   2,1,2,2,1   
J=0.000217682148118

Cluster 782
1,2,2,2,1   2,1,1,1,1   1,2,2,1,1   2,1,3,2,1   
J=0.000217682148118

Cluster 783
2,2,2,1,1   2,2,3,2,1   1,3,2,2,1   3,1,1,1,1   
J=0.000217682148118

Cluster 784
2,2,1,1,1   2,2,2,2,1   1,3,3,2,1   3,1,2,1,1   
J=0.000217682148118

Cluster 785
2,1,1,1,1   2,2,2,2,1   1,1,3,2,1   1,2,2,1,1   
J=0.000217682148118

Cluster 786
2,2,2,2,1   2,2,1,1,1   1,1,2,1,1   1,3,3,2,1   
J=0.000217682148118

Cluster 787
1,1,2,1,1   1,2,3,2,1   2,1,2,2,1   2,2,1,1,1   
J=0.000217682148118

Cluster 788
1,2,3,2,1   1,2,2,1,1   2,1,1,1,1   2,3,2,2,1   
J=0.000217682148118

Cluster 789
2,1,2,1,1   2,2,2,2,1   1,1,3,2,1   1,2,1,1,1   
J=0.000217682148118

Cluster 790
2,2,2,2,1   2,2,1,1,1   1,1,2,1,1   1,3,1,2,1   
J=0.000217682148118

Cluster 791
1,1,2,1,1   1,2,2,2,1   2,1,3,2,1   2,2,1,1,1   
J=0.000217682148118

Cluster 792
1,2,2,2,1   1,2,1,1,1   2,1,2,1,1   2,3,1,2,1   
J=0.000217682148118

Cluster 793
2,1,1,1,1   2,2,2,2,1   1,3,1,2,1   1,2,2,1,1   
J=0.000217682148118

Cluster 794
1,2,1,1,1   1,3,2,2,1   2,2,1,2,1   2,1,2,1,1   
J=0.000217682148118

Cluster 795
2,2,2,2,1   2,1,2,1,1   1,2,1,1,1   1,3,3,2,1   
J=0.000217682148118

Cluster 796
1,3,2,2,1   1,2,2,1,1   2,1,1,1,1   2,2,3,2,1   
J=0.000217682148118

Cluster 797
1,3,2,2,1   2,3,2,2,1   2,1,1,1,1   3,1,1,1,1   
J=-2.73136568424e-05

Cluster 798
1,2,3,2,1   2,2,3,2,1   2,1,1,1,1   3,1,1,1,1   
J=-2.73136568424e-05

Cluster 799
1,3,2,2,1   2,3,1,2,1   2,1,2,1,1   3,1,1,1,1   
J=-2.73136568424e-05

Cluster 800
1,2,2,2,1   2,2,1,2,1   2,1,2,1,1   3,1,1,1,1   
J=-2.73136568424e-05

Cluster 801
1,2,3,2,1   2,1,3,2,1   2,2,1,1,1   3,1,1,1,1   
J=-2.73136568424e-05

Cluster 802
1,2,2,2,1   2,1,2,2,1   2,2,1,1,1   3,1,1,1,1   
J=-2.73136568424e-05

Cluster 803
1,1,1,1,1   1,2,1,1,1   1,1,3,2,1   1,2,3,2,1   
J=-2.73136568424e-05

Cluster 804
2,1,2,2,1   2,2,2,2,1   1,1,1,1,1   1,2,1,1,1   
J=-2.73136568424e-05

Cluster 805
1,1,2,1,1   1,2,1,1,1   1,1,2,2,1   1,2,1,2,1   
J=-2.73136568424e-05

Cluster 806
2,1,2,2,1   2,2,1,2,1   1,1,2,1,1   1,2,1,1,1   
J=-2.73136568424e-05

Cluster 807
1,1,1,1,1   1,1,2,1,1   1,3,1,2,1   1,3,2,2,1   
J=-2.73136568424e-05

Cluster 808
1,1,1,1,1   1,1,2,1,1   2,2,1,2,1   2,2,2,2,1   
J=-2.73136568424e-05

