Constant -4.12712475059

Cluster 1
1,1,1,3,1,1   
J=-3.68717193165

Cluster 2
1,1,1,2,1,1   
J=-3.68717193165

Cluster 3
1,1,1,3,1,0   
J=1.24774889736

Cluster 4
1,1,1,2,1,0   
J=1.24774889736

Cluster 5
1,1,1,1,1,1   
J=-6.85947070105

Cluster 6
1,1,1,1,1,0   
J=3.27385149321

Cluster 7
1,1,1,3,1,1   1,2,2,1,1,0   
J=-0.515873725063

Cluster 8
1,1,1,2,1,1   1,1,1,1,1,0   
J=-0.515873725063

Cluster 9
1,1,1,2,1,1   1,1,2,1,1,0   
J=-0.515873725063

Cluster 10
1,1,1,2,1,1   1,2,1,1,1,0   
J=-0.515873725063

Cluster 11
1,1,1,3,1,1   2,1,2,1,1,0   
J=-0.515873725063

Cluster 12
1,1,1,3,1,1   2,2,1,1,1,0   
J=-0.515873725063

Cluster 13
1,1,1,3,1,1   2,2,2,1,1,0   
J=-0.515873725063

Cluster 14
1,1,1,2,1,1   2,1,1,1,1,0   
J=-0.515873725063

Cluster 15
1,1,1,3,1,0   1,2,2,1,1,1   
J=-0.247189953424

Cluster 16
1,1,1,2,1,0   1,1,1,1,1,1   
J=-0.247189953424

Cluster 17
1,1,1,2,1,0   1,1,2,1,1,1   
J=-0.247189953424

Cluster 18
1,1,1,2,1,0   1,2,1,1,1,1   
J=-0.247189953424

Cluster 19
1,1,1,3,1,0   2,1,2,1,1,1   
J=-0.247189953424

Cluster 20
1,1,1,3,1,0   2,2,1,1,1,1   
J=-0.247189953424

Cluster 21
1,1,1,3,1,0   2,2,2,1,1,1   
J=-0.247189953424

Cluster 22
1,1,1,2,1,0   2,1,1,1,1,1   
J=-0.247189953424

Cluster 23
1,1,1,3,1,1   1,2,2,1,1,1   
J=0.990154682427

Cluster 24
1,1,1,2,1,1   1,1,1,1,1,1   
J=0.990154682427

Cluster 25
1,1,1,2,1,1   1,1,2,1,1,1   
J=0.990154682427

Cluster 26
1,1,1,2,1,1   1,2,1,1,1,1   
J=0.990154682427

Cluster 27
1,1,1,3,1,1   2,1,2,1,1,1   
J=0.990154682427

Cluster 28
1,1,1,3,1,1   2,2,1,1,1,1   
J=0.990154682427

Cluster 29
1,1,1,3,1,1   2,2,2,1,1,1   
J=0.990154682427

Cluster 30
1,1,1,2,1,1   2,1,1,1,1,1   
J=0.990154682427

Cluster 31
1,1,1,3,1,0   1,2,2,1,1,0   
J=0.346965389702

Cluster 32
1,1,1,2,1,0   1,1,1,1,1,0   
J=0.346965389702

Cluster 33
1,1,1,2,1,0   1,1,2,1,1,0   
J=0.346965389702

Cluster 34
1,1,1,2,1,0   1,2,1,1,1,0   
J=0.346965389702

Cluster 35
1,1,1,3,1,0   2,1,2,1,1,0   
J=0.346965389702

Cluster 36
1,1,1,3,1,0   2,2,1,1,1,0   
J=0.346965389702

Cluster 37
1,1,1,3,1,0   2,2,2,1,1,0   
J=0.346965389702

Cluster 38
1,1,1,2,1,0   2,1,1,1,1,0   
J=0.346965389702

Cluster 39
1,1,2,2,1,1   1,1,1,3,1,0   
J=-0.250813819826

Cluster 40
1,1,1,3,1,1   1,1,2,2,1,0   
J=-0.250813819826

Cluster 41
1,2,1,2,1,1   1,1,1,3,1,0   
J=-0.250813819826

Cluster 42
1,1,1,3,1,1   1,2,1,2,1,0   
J=-0.250813819826

Cluster 43
1,1,1,3,1,1   2,2,1,2,1,0   
J=-0.250813819826

Cluster 44
2,2,1,2,1,1   1,1,1,3,1,0   
J=-0.250813819826

Cluster 45
1,1,1,3,1,1   2,1,2,2,1,0   
J=-0.250813819826

Cluster 46
2,1,2,2,1,1   1,1,1,3,1,0   
J=-0.250813819826

Cluster 47
1,1,1,3,1,1   1,2,2,2,1,0   
J=-0.250813819826

Cluster 48
1,2,2,2,1,1   1,1,1,3,1,0   
J=-0.250813819826

Cluster 49
2,1,1,2,1,1   1,1,1,3,1,0   
J=-0.250813819826

Cluster 50
1,1,1,3,1,1   2,1,1,2,1,0   
J=-0.250813819826

Cluster 51
1,1,2,2,1,0   1,1,1,3,1,0   
J=0.0719475881084

Cluster 52
1,2,1,2,1,0   1,1,1,3,1,0   
J=0.0719475881084

Cluster 53
1,1,1,3,1,0   2,2,1,2,1,0   
J=0.0719475881084

Cluster 54
1,1,1,3,1,0   2,1,2,2,1,0   
J=0.0719475881084

Cluster 55
1,1,1,3,1,0   1,2,2,2,1,0   
J=0.0719475881084

Cluster 56
2,1,1,2,1,0   1,1,1,3,1,0   
J=0.0719475881084

Cluster 57
1,2,2,2,1,1   2,1,1,3,1,0   
J=-0.0452720394967

Cluster 58
2,1,1,3,1,1   1,2,2,2,1,0   
J=-0.0452720394967

Cluster 59
1,1,1,3,1,1   2,2,2,2,1,0   
J=-0.0452720394967

Cluster 60
2,2,2,2,1,1   1,1,1,3,1,0   
J=-0.0452720394967

Cluster 61
2,2,1,2,1,1   1,1,2,3,1,0   
J=-0.0452720394967

Cluster 62
1,1,2,3,1,1   2,2,1,2,1,0   
J=-0.0452720394967

Cluster 63
2,1,2,2,1,1   1,2,1,3,1,0   
J=-0.0452720394967

Cluster 64
1,2,1,3,1,1   2,1,2,2,1,0   
J=-0.0452720394967

Cluster 65
1,1,2,1,1,1   2,2,1,1,1,1   
J=0.120093981158

Cluster 66
1,2,1,1,1,1   2,1,2,1,1,1   
J=0.120093981158

Cluster 67
2,1,1,1,1,1   1,2,2,1,1,1   
J=0.120093981158

Cluster 68
1,1,1,1,1,1   3,1,1,1,1,0   
J=0.00613751263782

Cluster 69
3,1,1,1,1,1   1,1,1,1,1,0   
J=0.00613751263782

Cluster 70
1,1,3,1,1,1   3,1,1,1,1,0   
J=0.00613751263782

Cluster 71
3,1,1,1,1,1   1,1,3,1,1,0   
J=0.00613751263782

Cluster 72
1,3,1,1,1,1   3,1,1,1,1,0   
J=0.00613751263782

Cluster 73
3,1,1,1,1,1   1,3,1,1,1,0   
J=0.00613751263782

Cluster 74
1,1,1,1,1,1   1,3,1,1,1,0   
J=0.00613751263782

Cluster 75
1,3,1,1,1,1   1,1,1,1,1,0   
J=0.00613751263782

Cluster 76
1,1,3,1,1,1   1,3,1,1,1,0   
J=0.00613751263782

Cluster 77
1,3,1,1,1,1   1,1,3,1,1,0   
J=0.00613751263782

Cluster 78
1,1,1,1,1,1   1,1,3,1,1,0   
J=0.00613751263782

Cluster 79
1,1,3,1,1,1   1,1,1,1,1,0   
J=0.00613751263782

Cluster 80
1,1,1,3,1,0   3,1,1,3,1,0   
J=0.0098535246213

Cluster 81
1,1,1,2,1,0   3,1,1,2,1,0   
J=0.0098535246213

Cluster 82
1,1,3,3,1,0   3,1,1,3,1,0   
J=0.0098535246213

Cluster 83
1,1,3,2,1,0   3,1,1,2,1,0   
J=0.0098535246213

Cluster 84
1,3,1,3,1,0   3,1,1,3,1,0   
J=0.0098535246213

Cluster 85
1,3,1,2,1,0   3,1,1,2,1,0   
J=0.0098535246213

Cluster 86
1,1,1,2,1,0   1,3,1,2,1,0   
J=0.0098535246213

Cluster 87
1,1,1,3,1,0   1,3,1,3,1,0   
J=0.0098535246213

Cluster 88
1,1,3,2,1,0   1,3,1,2,1,0   
J=0.0098535246213

Cluster 89
1,1,3,3,1,0   1,3,1,3,1,0   
J=0.0098535246213

Cluster 90
1,1,1,2,1,0   1,1,3,2,1,0   
J=0.0098535246213

Cluster 91
1,1,1,3,1,0   1,1,3,3,1,0   
J=0.0098535246213

Cluster 92
1,1,1,3,1,1   1,2,2,1,1,0   2,2,2,1,1,0   
J=0.0135677297447

Cluster 93
1,1,1,2,1,1   1,1,1,1,1,0   2,1,1,1,1,0   
J=0.0135677297447

Cluster 94
1,1,1,3,1,1   1,2,2,1,1,0   2,2,1,1,1,0   
J=0.0135677297447

Cluster 95
1,1,1,2,1,1   1,1,2,1,1,0   2,1,1,1,1,0   
J=0.0135677297447

Cluster 96
1,1,1,3,1,1   1,2,2,1,1,0   2,1,2,1,1,0   
J=0.0135677297447

Cluster 97
1,1,1,2,1,1   1,2,1,1,1,0   2,1,1,1,1,0   
J=0.0135677297447

Cluster 98
1,1,1,2,1,1   1,1,1,1,1,0   1,2,1,1,1,0   
J=0.0135677297447

Cluster 99
1,1,1,3,1,1   2,1,2,1,1,0   2,2,2,1,1,0   
J=0.0135677297447

Cluster 100
1,1,1,2,1,1   1,1,2,1,1,0   1,2,1,1,1,0   
J=0.0135677297447

Cluster 101
1,1,1,3,1,1   2,1,2,1,1,0   2,2,1,1,1,0   
J=0.0135677297447

Cluster 102
1,1,1,2,1,1   1,1,1,1,1,0   1,1,2,1,1,0   
J=0.0135677297447

Cluster 103
1,1,1,3,1,1   2,2,1,1,1,0   2,2,2,1,1,0   
J=0.0135677297447

Cluster 104
2,1,1,1,1,0   1,1,1,1,1,0   1,1,2,1,1,0   
J=-0.0120002910869

Cluster 105
2,1,1,1,1,0   1,1,1,1,1,0   1,2,1,1,1,0   
J=-0.0120002910869

Cluster 106
2,2,1,1,1,0   1,2,1,1,1,0   2,1,1,1,1,0   
J=-0.0120002910869

Cluster 107
2,1,2,1,1,0   1,1,2,1,1,0   2,1,1,1,1,0   
J=-0.0120002910869

Cluster 108
2,1,1,1,1,0   1,1,2,1,1,0   1,2,1,1,1,0   
J=-0.0120002910869

Cluster 109
2,2,1,1,1,0   1,2,2,1,1,0   2,1,2,1,1,0   
J=-0.0120002910869

Cluster 110
1,2,1,1,1,0   1,1,1,1,1,0   1,1,2,1,1,0   
J=-0.0120002910869

Cluster 111
1,2,2,1,1,0   1,1,2,1,1,0   1,2,1,1,1,0   
J=-0.0120002910869

Cluster 112
2,2,1,2,1,0   1,1,1,3,1,0   1,3,1,1,1,0   
J=-0.00104897359182

Cluster 113
2,1,2,2,1,0   1,1,1,3,1,0   1,1,3,1,1,0   
J=-0.00104897359182

Cluster 114
1,1,1,3,1,0   1,1,2,2,1,0   1,2,1,1,1,0   
J=-0.00104897359182

Cluster 115
1,1,1,3,1,0   1,2,1,2,1,0   1,1,2,1,1,0   
J=-0.00104897359182

Cluster 116
2,2,1,2,1,0   1,1,1,3,1,0   1,3,2,1,1,0   
J=-0.00104897359182

Cluster 117
1,1,1,3,1,0   2,1,1,2,1,0   1,1,2,1,1,0   
J=-0.00104897359182

Cluster 118
1,1,1,3,1,0   1,1,2,2,1,0   1,2,3,1,1,0   
J=-0.00104897359182

Cluster 119
1,2,2,2,1,0   1,1,1,3,1,0   1,1,3,1,1,0   
J=-0.00104897359182

Cluster 120
2,1,2,2,1,0   1,1,1,3,1,0   1,2,3,1,1,0   
J=-0.00104897359182

Cluster 121
1,1,1,3,1,0   2,1,1,2,1,0   1,2,1,1,1,0   
J=-0.00104897359182

Cluster 122
1,1,1,3,1,0   1,2,1,2,1,0   1,3,2,1,1,0   
J=-0.00104897359182

Cluster 123
1,2,2,2,1,0   1,1,1,3,1,0   1,3,1,1,1,0   
J=-0.00104897359182

Cluster 124
1,1,1,3,1,0   1,1,2,2,1,0   2,1,1,1,1,0   
J=-0.00104897359182

Cluster 125
2,2,1,2,1,0   1,1,1,3,1,0   3,1,1,1,1,0   
J=-0.00104897359182

Cluster 126
1,1,1,3,1,0   1,1,2,2,1,0   2,1,3,1,1,0   
J=-0.00104897359182

Cluster 127
2,2,1,2,1,0   1,1,1,3,1,0   3,1,2,1,1,0   
J=-0.00104897359182

Cluster 128
1,1,1,3,1,0   1,2,1,2,1,0   2,1,1,1,1,0   
J=-0.00104897359182

Cluster 129
2,1,2,2,1,0   1,1,1,3,1,0   3,1,1,1,1,0   
J=-0.00104897359182

Cluster 130
1,2,2,2,1,0   1,1,1,3,1,0   2,1,3,1,1,0   
J=-0.00104897359182

Cluster 131
1,1,1,3,1,0   2,1,1,2,1,0   3,1,2,1,1,0   
J=-0.00104897359182

Cluster 132
1,1,1,3,1,0   1,2,1,2,1,0   2,3,1,1,1,0   
J=-0.00104897359182

Cluster 133
2,1,2,2,1,0   1,1,1,3,1,0   3,2,1,1,1,0   
J=-0.00104897359182

Cluster 134
1,2,2,2,1,0   1,1,1,3,1,0   2,3,1,1,1,0   
J=-0.00104897359182

Cluster 135
1,1,1,3,1,0   2,1,1,2,1,0   3,2,1,1,1,0   
J=-0.00104897359182

Cluster 136
1,1,1,3,1,0   2,2,2,1,1,1   1,2,3,1,1,1   
J=-0.00703975019213

Cluster 137
1,1,1,3,1,0   2,2,2,1,1,1   1,3,2,1,1,1   
J=-0.00703975019213

Cluster 138
1,2,1,2,1,0   2,2,1,1,1,1   2,1,1,1,1,1   
J=-0.00703975019213

Cluster 139
1,1,2,2,1,0   2,1,2,1,1,1   2,1,1,1,1,1   
J=-0.00703975019213

Cluster 140
1,1,1,3,1,0   2,2,1,1,1,1   1,2,1,1,1,1   
J=-0.00703975019213

Cluster 141
1,1,1,3,1,0   2,2,1,1,1,1   1,3,1,1,1,1   
J=-0.00703975019213

Cluster 142
1,2,1,2,1,0   2,2,1,1,1,1   2,1,2,1,1,1   
J=-0.00703975019213

Cluster 143
1,1,1,2,1,0   2,1,1,1,1,1   2,1,2,1,1,1   
J=-0.00703975019213

Cluster 144
1,1,1,3,1,0   2,1,2,1,1,1   1,1,2,1,1,1   
J=-0.00703975019213

Cluster 145
1,1,1,3,1,0   2,1,2,1,1,1   1,1,3,1,1,1   
J=-0.00703975019213

Cluster 146
1,1,2,2,1,0   2,1,2,1,1,1   2,2,1,1,1,1   
J=-0.00703975019213

Cluster 147
1,1,1,2,1,0   2,1,1,1,1,1   2,2,1,1,1,1   
J=-0.00703975019213

Cluster 148
2,1,1,2,1,0   2,2,1,1,1,1   1,2,1,1,1,1   
J=-0.00703975019213

Cluster 149
1,1,1,3,1,0   2,2,2,1,1,1   2,1,3,1,1,1   
J=-0.00703975019213

Cluster 150
1,1,2,2,1,0   1,2,2,1,1,1   1,2,1,1,1,1   
J=-0.00703975019213

Cluster 151
1,1,1,3,1,0   2,2,2,1,1,1   3,1,2,1,1,1   
J=-0.00703975019213

Cluster 152
2,1,1,2,1,0   2,2,1,1,1,1   1,2,2,1,1,1   
J=-0.00703975019213

Cluster 153
1,1,1,3,1,0   2,2,1,1,1,1   2,1,1,1,1,1   
J=-0.00703975019213

Cluster 154
1,1,1,2,1,0   1,2,1,1,1,1   1,2,2,1,1,1   
J=-0.00703975019213

Cluster 155
1,1,1,3,1,0   2,2,1,1,1,1   3,1,1,1,1,1   
J=-0.00703975019213

Cluster 156
2,1,1,2,1,0   2,1,2,1,1,1   1,1,2,1,1,1   
J=-0.00703975019213

Cluster 157
1,2,1,2,1,0   1,2,2,1,1,1   1,1,2,1,1,1   
J=-0.00703975019213

Cluster 158
1,1,1,3,1,0   2,2,2,1,1,1   2,3,1,1,1,1   
J=-0.00703975019213

Cluster 159
1,1,1,3,1,0   2,2,2,1,1,1   3,2,1,1,1,1   
J=-0.00703975019213

Cluster 160
2,1,1,2,1,0   2,1,1,1,1,1   1,1,2,1,1,1   
J=-0.00703975019213

Cluster 161
1,2,1,2,1,0   1,2,1,1,1,1   1,1,2,1,1,1   
J=-0.00703975019213

Cluster 162
1,1,1,3,1,0   2,2,1,1,1,1   2,3,1,1,1,1   
J=-0.00703975019213

Cluster 163
1,1,1,3,1,0   2,2,1,1,1,1   3,2,1,1,1,1   
J=-0.00703975019213

Cluster 164
2,1,1,2,1,0   2,1,2,1,1,1   1,2,2,1,1,1   
J=-0.00703975019213

Cluster 165
1,1,1,3,1,0   2,1,2,1,1,1   2,1,1,1,1,1   
J=-0.00703975019213

Cluster 166
1,1,1,2,1,0   1,1,2,1,1,1   1,2,2,1,1,1   
J=-0.00703975019213

Cluster 167
1,1,1,3,1,0   2,1,2,1,1,1   3,1,1,1,1,1   
J=-0.00703975019213

Cluster 168
2,1,1,2,1,0   2,1,1,1,1,1   1,2,1,1,1,1   
J=-0.00703975019213

Cluster 169
1,1,1,3,1,0   2,1,2,1,1,1   2,1,3,1,1,1   
J=-0.00703975019213

Cluster 170
1,1,2,2,1,0   1,1,2,1,1,1   1,2,1,1,1,1   
J=-0.00703975019213

Cluster 171
1,1,1,3,1,0   2,1,2,1,1,1   3,1,2,1,1,1   
J=-0.00703975019213

Cluster 172
1,1,1,3,1,0   1,2,2,1,1,1   1,1,2,1,1,1   
J=-0.00703975019213

Cluster 173
1,1,1,3,1,0   1,2,2,1,1,1   1,1,3,1,1,1   
J=-0.00703975019213

Cluster 174
1,1,2,2,1,0   1,2,2,1,1,1   2,2,1,1,1,1   
J=-0.00703975019213

Cluster 175
1,1,1,2,1,0   1,2,1,1,1,1   2,2,1,1,1,1   
J=-0.00703975019213

Cluster 176
1,1,1,3,1,0   1,2,2,1,1,1   1,2,1,1,1,1   
J=-0.00703975019213

Cluster 177
1,1,1,3,1,0   1,2,2,1,1,1   1,3,1,1,1,1   
J=-0.00703975019213

Cluster 178
1,2,1,2,1,0   1,2,2,1,1,1   2,1,2,1,1,1   
J=-0.00703975019213

Cluster 179
1,1,1,2,1,0   1,1,2,1,1,1   2,1,2,1,1,1   
J=-0.00703975019213

Cluster 180
1,1,1,3,1,0   1,2,2,1,1,1   1,2,3,1,1,1   
J=-0.00703975019213

Cluster 181
1,1,1,3,1,0   1,2,2,1,1,1   1,3,2,1,1,1   
J=-0.00703975019213

Cluster 182
1,2,1,2,1,0   1,2,1,1,1,1   2,1,1,1,1,1   
J=-0.00703975019213

Cluster 183
1,1,2,2,1,0   1,1,2,1,1,1   2,1,1,1,1,1   
J=-0.00703975019213

Cluster 184
1,1,1,3,1,0   2,2,2,1,1,1   1,1,3,1,1,0   
J=0.00485509009396

Cluster 185
1,1,1,3,1,0   2,2,2,1,1,1   1,3,1,1,1,0   
J=0.00485509009396

Cluster 186
1,2,1,2,1,0   2,2,1,1,1,1   1,1,2,1,1,0   
J=0.00485509009396

Cluster 187
1,1,2,2,1,0   2,1,2,1,1,1   1,2,1,1,1,0   
J=0.00485509009396

Cluster 188
1,1,1,3,1,0   2,2,1,1,1,1   1,1,2,1,1,0   
J=0.00485509009396

Cluster 189
1,1,1,3,1,0   2,2,1,1,1,1   1,3,2,1,1,0   
J=0.00485509009396

Cluster 190
1,1,1,2,1,0   2,1,1,1,1,1   1,2,2,1,1,0   
J=0.00485509009396

Cluster 191
1,1,1,3,1,0   2,1,2,1,1,1   1,2,1,1,1,0   
J=0.00485509009396

Cluster 192
1,1,1,3,1,0   2,1,2,1,1,1   1,2,3,1,1,0   
J=0.00485509009396

Cluster 193
2,1,1,2,1,0   2,2,1,1,1,1   1,1,2,1,1,0   
J=0.00485509009396

Cluster 194
1,1,2,2,1,0   1,2,2,1,1,1   2,1,1,1,1,0   
J=0.00485509009396

Cluster 195
1,1,1,3,1,0   2,2,2,1,1,1   3,1,1,1,1,0   
J=0.00485509009396

Cluster 196
1,1,1,2,1,0   1,2,1,1,1,1   2,1,2,1,1,0   
J=0.00485509009396

Cluster 197
1,1,1,3,1,0   2,2,1,1,1,1   3,1,2,1,1,0   
J=0.00485509009396

Cluster 198
2,1,1,2,1,0   2,1,2,1,1,1   1,2,1,1,1,0   
J=0.00485509009396

Cluster 199
1,2,1,2,1,0   1,2,2,1,1,1   2,1,1,1,1,0   
J=0.00485509009396

Cluster 200
2,1,1,2,1,0   2,1,1,1,1,1   1,2,2,1,1,0   
J=0.00485509009396

Cluster 201
1,2,1,2,1,0   1,2,1,1,1,1   2,1,2,1,1,0   
J=0.00485509009396

Cluster 202
1,1,1,2,1,0   1,1,2,1,1,1   2,2,1,1,1,0   
J=0.00485509009396

Cluster 203
1,1,1,3,1,0   2,1,2,1,1,1   3,2,1,1,1,0   
J=0.00485509009396

Cluster 204
1,1,2,2,1,0   1,1,2,1,1,1   2,2,1,1,1,0   
J=0.00485509009396

Cluster 205
1,1,1,3,1,0   1,2,2,1,1,1   2,1,1,1,1,0   
J=0.00485509009396

Cluster 206
1,1,1,3,1,0   1,2,2,1,1,1   2,1,3,1,1,0   
J=0.00485509009396

Cluster 207
1,1,1,3,1,0   1,2,2,1,1,1   2,3,1,1,1,0   
J=0.00485509009396

Cluster 208
1,2,1,1,1,0   1,1,2,1,1,1   2,2,1,1,1,0   
J=0.0061372739803

Cluster 209
1,2,1,1,1,0   2,2,1,1,1,1   1,1,2,1,1,0   
J=0.0061372739803

Cluster 210
1,1,2,1,1,0   1,2,1,1,1,1   2,1,2,1,1,0   
J=0.0061372739803

Cluster 211
1,1,2,1,1,0   2,1,2,1,1,1   1,2,1,1,1,0   
J=0.0061372739803

Cluster 212
1,2,2,1,1,0   1,1,2,1,1,1   2,2,1,1,1,0   
J=0.0061372739803

Cluster 213
1,2,2,1,1,0   2,2,1,1,1,1   1,1,2,1,1,0   
J=0.0061372739803

Cluster 214
1,1,2,1,1,0   2,1,1,1,1,1   1,2,2,1,1,0   
J=0.0061372739803

Cluster 215
1,1,2,1,1,0   1,2,2,1,1,1   2,1,1,1,1,0   
J=0.0061372739803

Cluster 216
1,2,2,1,1,0   1,2,1,1,1,1   2,1,2,1,1,0   
J=0.0061372739803

Cluster 217
1,2,2,1,1,0   2,1,2,1,1,1   1,2,1,1,1,0   
J=0.0061372739803

Cluster 218
1,2,1,1,1,0   2,1,1,1,1,1   1,2,2,1,1,0   
J=0.0061372739803

Cluster 219
1,2,1,1,1,0   1,2,2,1,1,1   2,1,1,1,1,0   
J=0.0061372739803

Cluster 220
2,1,1,1,1,0   1,1,2,1,1,1   2,2,1,1,1,0   
J=0.0061372739803

Cluster 221
2,1,1,1,1,0   2,2,1,1,1,1   1,1,2,1,1,0   
J=0.0061372739803

Cluster 222
2,1,2,1,1,0   1,1,2,1,1,1   2,2,1,1,1,0   
J=0.0061372739803

Cluster 223
2,1,2,1,1,0   2,2,1,1,1,1   1,1,2,1,1,0   
J=0.0061372739803

Cluster 224
2,1,1,1,1,0   1,2,1,1,1,1   2,1,2,1,1,0   
J=0.0061372739803

Cluster 225
2,1,1,1,1,0   2,1,2,1,1,1   1,2,1,1,1,0   
J=0.0061372739803

Cluster 226
2,1,2,1,1,0   2,1,1,1,1,1   1,2,2,1,1,0   
J=0.0061372739803

Cluster 227
2,1,2,1,1,0   1,2,2,1,1,1   2,1,1,1,1,0   
J=0.0061372739803

Cluster 228
2,2,1,1,1,0   1,2,1,1,1,1   2,1,2,1,1,0   
J=0.0061372739803

Cluster 229
2,2,1,1,1,0   2,1,2,1,1,1   1,2,1,1,1,0   
J=0.0061372739803

Cluster 230
2,2,1,1,1,0   2,1,1,1,1,1   1,2,2,1,1,0   
J=0.0061372739803

Cluster 231
2,2,1,1,1,0   1,2,2,1,1,1   2,1,1,1,1,0   
J=0.0061372739803

Cluster 232
1,2,1,1,1,0   1,1,2,1,1,0   2,2,1,1,1,0   
J=0.0209589806328

Cluster 233
1,1,2,1,1,0   1,2,1,1,1,0   2,1,2,1,1,0   
J=0.0209589806328

Cluster 234
1,2,2,1,1,0   1,1,2,1,1,0   2,2,1,1,1,0   
J=0.0209589806328

Cluster 235
1,1,2,1,1,0   2,1,1,1,1,0   1,2,2,1,1,0   
J=0.0209589806328

Cluster 236
1,2,2,1,1,0   1,2,1,1,1,0   2,1,2,1,1,0   
J=0.0209589806328

Cluster 237
1,2,1,1,1,0   2,1,1,1,1,0   1,2,2,1,1,0   
J=0.0209589806328

Cluster 238
2,1,1,1,1,0   1,1,2,1,1,0   2,2,1,1,1,0   
J=0.0209589806328

Cluster 239
2,1,2,1,1,0   1,1,2,1,1,0   2,2,1,1,1,0   
J=0.0209589806328

Cluster 240
2,1,1,1,1,0   1,2,1,1,1,0   2,1,2,1,1,0   
J=0.0209589806328

Cluster 241
2,1,2,1,1,0   2,1,1,1,1,0   1,2,2,1,1,0   
J=0.0209589806328

Cluster 242
2,2,1,1,1,0   1,2,1,1,1,0   2,1,2,1,1,0   
J=0.0209589806328

Cluster 243
2,2,1,1,1,0   2,1,1,1,1,0   1,2,2,1,1,0   
J=0.0209589806328

Cluster 244
2,2,2,2,1,1   1,1,2,3,1,1   2,2,1,1,1,0   
J=0.0623083442171

Cluster 245
2,2,2,2,1,1   1,2,1,3,1,1   2,1,2,1,1,0   
J=0.0623083442171

Cluster 246
2,1,1,3,1,1   2,1,2,2,1,1   1,3,2,1,1,0   
J=0.0623083442171

Cluster 247
2,1,1,3,1,1   2,2,1,2,1,1   1,2,3,1,1,0   
J=0.0623083442171

Cluster 248
2,2,1,2,1,1   1,1,1,3,1,1   2,2,3,1,1,0   
J=0.0623083442171

Cluster 249
1,2,1,3,1,1   2,2,1,2,1,1   2,1,3,1,1,0   
J=0.0623083442171

Cluster 250
2,2,2,2,1,1   2,1,1,3,1,1   1,2,2,1,1,0   
J=0.0623083442171

Cluster 251
2,1,2,2,1,1   1,1,1,3,1,1   2,3,2,1,1,0   
J=0.0623083442171

Cluster 252
1,1,2,3,1,1   2,1,2,2,1,1   2,3,1,1,1,0   
J=0.0623083442171

Cluster 253
1,2,1,3,1,1   1,2,2,2,1,1   3,1,2,1,1,0   
J=0.0623083442171

Cluster 254
1,1,2,3,1,1   1,2,2,2,1,1   3,2,1,1,1,0   
J=0.0623083442171

Cluster 255
1,2,2,2,1,1   1,1,1,3,1,1   3,2,2,1,1,0   
J=0.0623083442171

Cluster 256
1,1,1,3,1,1   2,2,2,1,1,0   2,2,3,1,1,0   
J=0.00646824757351

Cluster 257
1,1,1,3,1,1   2,2,2,1,1,0   2,3,2,1,1,0   
J=0.00646824757351

Cluster 258
1,2,1,2,1,1   2,2,1,1,1,0   3,1,1,1,1,0   
J=0.00646824757351

Cluster 259
1,1,2,2,1,1   2,1,2,1,1,0   3,1,1,1,1,0   
J=0.00646824757351

Cluster 260
1,1,2,3,1,1   2,2,2,1,1,0   2,2,1,1,1,0   
J=0.00646824757351

Cluster 261
1,1,2,3,1,1   2,2,2,1,1,0   2,3,1,1,1,0   
J=0.00646824757351

Cluster 262
1,1,1,2,1,1   2,1,1,1,1,0   3,1,1,1,1,0   
J=0.00646824757351

Cluster 263
1,2,1,3,1,1   2,2,2,1,1,0   2,1,2,1,1,0   
J=0.00646824757351

Cluster 264
1,2,1,3,1,1   2,2,2,1,1,0   2,1,3,1,1,0   
J=0.00646824757351

Cluster 265
2,1,1,2,1,1   2,2,1,1,1,0   1,3,1,1,1,0   
J=0.00646824757351

Cluster 266
1,1,2,2,1,1   1,2,2,1,1,0   1,3,1,1,1,0   
J=0.00646824757351

Cluster 267
1,1,1,3,1,1   2,2,2,1,1,0   3,2,2,1,1,0   
J=0.00646824757351

Cluster 268
1,1,1,2,1,1   1,2,1,1,1,0   1,3,1,1,1,0   
J=0.00646824757351

Cluster 269
1,1,2,3,1,1   2,2,2,1,1,0   3,2,1,1,1,0   
J=0.00646824757351

Cluster 270
2,1,1,2,1,1   2,1,2,1,1,0   1,1,3,1,1,0   
J=0.00646824757351

Cluster 271
1,2,1,2,1,1   1,2,2,1,1,0   1,1,3,1,1,0   
J=0.00646824757351

Cluster 272
2,1,1,2,1,1   2,1,1,1,1,0   1,1,1,1,1,0   
J=0.00646824757351

Cluster 273
1,2,1,2,1,1   1,2,1,1,1,0   1,1,1,1,1,0   
J=0.00646824757351

Cluster 274
1,1,1,2,1,1   1,1,2,1,1,0   1,1,3,1,1,0   
J=0.00646824757351

Cluster 275
1,2,1,3,1,1   2,2,2,1,1,0   3,1,2,1,1,0   
J=0.00646824757351

Cluster 276
1,1,2,2,1,1   1,1,2,1,1,0   1,1,1,1,1,0   
J=0.00646824757351

Cluster 277
2,1,1,3,1,1   2,2,2,1,1,0   1,2,2,1,1,0   
J=0.00646824757351

Cluster 278
2,1,1,3,1,1   2,2,2,1,1,0   1,2,3,1,1,0   
J=0.00646824757351

Cluster 279
2,1,1,3,1,1   2,2,2,1,1,0   1,3,2,1,1,0   
J=0.00646824757351

Cluster 280
1,1,2,3,1,0   3,2,2,1,1,1   2,2,1,1,1,0   
J=0.0049400091716

Cluster 281
1,2,1,3,1,0   3,2,2,1,1,1   2,1,2,1,1,0   
J=0.0049400091716

Cluster 282
2,1,1,2,1,0   3,2,1,1,1,1   1,3,1,1,1,0   
J=0.0049400091716

Cluster 283
2,1,1,2,1,0   3,1,2,1,1,1   1,1,3,1,1,0   
J=0.0049400091716

Cluster 284
1,1,1,3,1,0   3,2,1,1,1,1   2,2,3,1,1,0   
J=0.0049400091716

Cluster 285
1,2,1,3,1,0   3,2,1,1,1,1   2,1,3,1,1,0   
J=0.0049400091716

Cluster 286
2,1,2,2,1,0   3,2,1,1,1,1   1,3,2,1,1,0   
J=0.0049400091716

Cluster 287
2,1,2,2,1,0   3,1,1,1,1,1   1,1,2,1,1,0   
J=0.0049400091716

Cluster 288
1,1,1,3,1,0   3,1,2,1,1,1   2,3,2,1,1,0   
J=0.0049400091716

Cluster 289
1,1,2,3,1,0   3,1,2,1,1,1   2,3,1,1,1,0   
J=0.0049400091716

Cluster 290
2,2,1,2,1,0   3,1,2,1,1,1   1,2,3,1,1,0   
J=0.0049400091716

Cluster 291
2,2,1,2,1,0   3,1,1,1,1,1   1,2,1,1,1,0   
J=0.0049400091716

Cluster 292
1,2,1,2,1,0   2,3,1,1,1,1   3,1,1,1,1,0   
J=0.0049400091716

Cluster 293
1,1,2,3,1,0   2,3,2,1,1,1   2,2,1,1,1,0   
J=0.0049400091716

Cluster 294
1,2,1,2,1,0   1,3,2,1,1,1   1,1,3,1,1,0   
J=0.0049400091716

Cluster 295
2,1,1,3,1,0   2,3,2,1,1,1   1,2,2,1,1,0   
J=0.0049400091716

Cluster 296
1,2,2,2,1,0   2,3,1,1,1,1   3,1,2,1,1,0   
J=0.0049400091716

Cluster 297
1,1,1,3,1,0   2,3,1,1,1,1   2,2,3,1,1,0   
J=0.0049400091716

Cluster 298
1,2,2,2,1,0   1,3,1,1,1,1   1,1,2,1,1,0   
J=0.0049400091716

Cluster 299
2,1,1,3,1,0   2,3,1,1,1,1   1,2,3,1,1,0   
J=0.0049400091716

Cluster 300
1,1,2,2,1,0   2,1,3,1,1,1   3,1,1,1,1,0   
J=0.0049400091716

Cluster 301
1,1,2,2,1,0   1,2,3,1,1,1   1,3,1,1,1,0   
J=0.0049400091716

Cluster 302
1,2,1,3,1,0   2,2,3,1,1,1   2,1,2,1,1,0   
J=0.0049400091716

Cluster 303
2,1,1,3,1,0   2,2,3,1,1,1   1,2,2,1,1,0   
J=0.0049400091716

Cluster 304
1,1,2,2,1,0   2,1,1,1,1,1   3,1,2,1,1,0   
J=0.0049400091716

Cluster 305
1,1,2,2,1,0   1,2,1,1,1,1   1,3,2,1,1,0   
J=0.0049400091716

Cluster 306
1,2,1,3,1,0   2,2,1,1,1,1   2,1,3,1,1,0   
J=0.0049400091716

Cluster 307
2,1,1,3,1,0   2,2,1,1,1,1   1,2,3,1,1,0   
J=0.0049400091716

Cluster 308
1,2,2,2,1,0   2,1,3,1,1,1   3,2,1,1,1,0   
J=0.0049400091716

Cluster 309
1,1,1,3,1,0   2,1,3,1,1,1   2,3,2,1,1,0   
J=0.0049400091716

Cluster 310
1,2,2,2,1,0   1,1,3,1,1,1   1,2,1,1,1,0   
J=0.0049400091716

Cluster 311
2,1,1,3,1,0   2,1,3,1,1,1   1,3,2,1,1,0   
J=0.0049400091716

Cluster 312
1,2,1,2,1,0   2,1,1,1,1,1   3,2,1,1,1,0   
J=0.0049400091716

Cluster 313
1,1,2,3,1,0   2,1,2,1,1,1   2,3,1,1,1,0   
J=0.0049400091716

Cluster 314
1,2,1,2,1,0   1,1,2,1,1,1   1,2,3,1,1,0   
J=0.0049400091716

Cluster 315
2,1,1,3,1,0   2,1,2,1,1,1   1,3,2,1,1,0   
J=0.0049400091716

Cluster 316
1,1,1,3,1,0   1,3,2,1,1,1   3,2,2,1,1,0   
J=0.0049400091716

Cluster 317
1,1,2,3,1,0   1,3,2,1,1,1   3,2,1,1,1,0   
J=0.0049400091716

Cluster 318
2,2,1,2,1,0   1,3,2,1,1,1   2,1,3,1,1,0   
J=0.0049400091716

Cluster 319
2,2,1,2,1,0   1,3,1,1,1,1   2,1,1,1,1,0   
J=0.0049400091716

Cluster 320
1,1,1,3,1,0   1,2,3,1,1,1   3,2,2,1,1,0   
J=0.0049400091716

Cluster 321
1,2,1,3,1,0   1,2,3,1,1,1   3,1,2,1,1,0   
J=0.0049400091716

Cluster 322
2,1,2,2,1,0   1,2,3,1,1,1   2,3,1,1,1,0   
J=0.0049400091716

Cluster 323
2,1,2,2,1,0   1,1,3,1,1,1   2,1,1,1,1,0   
J=0.0049400091716

Cluster 324
1,1,2,3,1,0   1,2,2,1,1,1   3,2,1,1,1,0   
J=0.0049400091716

Cluster 325
1,2,1,3,1,0   1,2,2,1,1,1   3,1,2,1,1,0   
J=0.0049400091716

Cluster 326
2,1,1,2,1,0   1,2,1,1,1,1   2,3,1,1,1,0   
J=0.0049400091716

Cluster 327
2,1,1,2,1,0   1,1,2,1,1,1   2,1,3,1,1,0   
J=0.0049400091716

Cluster 328
2,1,1,1,1,0   1,1,2,1,1,1   3,1,1,1,1,0   
J=-0.00176223443689

Cluster 329
2,1,1,1,1,0   3,1,1,1,1,1   1,1,2,1,1,0   
J=-0.00176223443689

Cluster 330
2,1,1,1,1,0   1,2,1,1,1,1   3,1,1,1,1,0   
J=-0.00176223443689

Cluster 331
2,1,1,1,1,0   3,1,1,1,1,1   1,2,1,1,1,0   
J=-0.00176223443689

Cluster 332
1,2,1,1,1,0   1,1,1,1,1,1   2,2,1,1,1,0   
J=-0.00176223443689

Cluster 333
1,2,1,1,1,0   2,2,1,1,1,1   1,1,1,1,1,0   
J=-0.00176223443689

Cluster 334
1,1,2,1,1,0   1,1,1,1,1,1   2,1,2,1,1,0   
J=-0.00176223443689

Cluster 335
1,1,2,1,1,0   2,1,2,1,1,1   1,1,1,1,1,0   
J=-0.00176223443689

Cluster 336
2,1,2,1,1,0   1,1,2,1,1,1   3,1,1,1,1,0   
J=-0.00176223443689

Cluster 337
2,1,2,1,1,0   3,1,1,1,1,1   1,1,2,1,1,0   
J=-0.00176223443689

Cluster 338
2,1,2,1,1,0   1,2,2,1,1,1   3,1,1,1,1,0   
J=-0.00176223443689

Cluster 339
2,1,2,1,1,0   3,1,1,1,1,1   1,2,2,1,1,0   
J=-0.00176223443689

Cluster 340
1,2,2,1,1,0   1,1,3,1,1,1   2,2,1,1,1,0   
J=-0.00176223443689

Cluster 341
1,2,2,1,1,0   2,2,1,1,1,1   1,1,3,1,1,0   
J=-0.00176223443689

Cluster 342
1,1,2,1,1,0   2,1,1,1,1,1   1,1,3,1,1,0   
J=-0.00176223443689

Cluster 343
1,1,2,1,1,0   1,1,3,1,1,1   2,1,1,1,1,0   
J=-0.00176223443689

Cluster 344
2,2,1,1,1,0   1,2,1,1,1,1   3,1,1,1,1,0   
J=-0.00176223443689

Cluster 345
2,2,1,1,1,0   3,1,1,1,1,1   1,2,1,1,1,0   
J=-0.00176223443689

Cluster 346
2,2,1,1,1,0   1,2,2,1,1,1   3,1,1,1,1,0   
J=-0.00176223443689

Cluster 347
2,2,1,1,1,0   3,1,1,1,1,1   1,2,2,1,1,0   
J=-0.00176223443689

Cluster 348
1,2,2,1,1,0   1,3,1,1,1,1   2,1,2,1,1,0   
J=-0.00176223443689

Cluster 349
1,2,2,1,1,0   2,1,2,1,1,1   1,3,1,1,1,0   
J=-0.00176223443689

Cluster 350
1,2,1,1,1,0   2,1,1,1,1,1   1,3,1,1,1,0   
J=-0.00176223443689

Cluster 351
1,2,1,1,1,0   1,3,1,1,1,1   2,1,1,1,1,0   
J=-0.00176223443689

Cluster 352
2,1,1,1,1,0   1,1,1,1,1,1   2,2,1,1,1,0   
J=-0.00176223443689

Cluster 353
2,1,1,1,1,0   2,2,1,1,1,1   1,1,1,1,1,0   
J=-0.00176223443689

Cluster 354
1,2,1,1,1,0   1,1,2,1,1,1   1,3,1,1,1,0   
J=-0.00176223443689

Cluster 355
1,2,1,1,1,0   1,3,1,1,1,1   1,1,2,1,1,0   
J=-0.00176223443689

Cluster 356
1,1,2,1,1,0   1,1,1,1,1,1   1,2,2,1,1,0   
J=-0.00176223443689

Cluster 357
1,1,2,1,1,0   1,2,2,1,1,1   1,1,1,1,1,0   
J=-0.00176223443689

Cluster 358
2,1,2,1,1,0   1,1,3,1,1,1   2,2,1,1,1,0   
J=-0.00176223443689

Cluster 359
2,1,2,1,1,0   2,2,1,1,1,1   1,1,3,1,1,0   
J=-0.00176223443689

Cluster 360
1,2,2,1,1,0   1,1,2,1,1,1   1,3,1,1,1,0   
J=-0.00176223443689

Cluster 361
1,2,2,1,1,0   1,3,1,1,1,1   1,1,2,1,1,0   
J=-0.00176223443689

Cluster 362
1,1,2,1,1,0   1,1,3,1,1,1   1,2,1,1,1,0   
J=-0.00176223443689

Cluster 363
1,1,2,1,1,0   1,2,1,1,1,1   1,1,3,1,1,0   
J=-0.00176223443689

Cluster 364
2,1,1,1,1,0   1,1,1,1,1,1   2,1,2,1,1,0   
J=-0.00176223443689

Cluster 365
2,1,1,1,1,0   2,1,2,1,1,1   1,1,1,1,1,0   
J=-0.00176223443689

Cluster 366
1,2,1,1,1,0   1,1,1,1,1,1   1,2,2,1,1,0   
J=-0.00176223443689

Cluster 367
1,2,1,1,1,0   1,2,2,1,1,1   1,1,1,1,1,0   
J=-0.00176223443689

Cluster 368
2,1,2,1,1,0   2,1,1,1,1,1   1,1,3,1,1,0   
J=-0.00176223443689

Cluster 369
2,1,2,1,1,0   1,1,3,1,1,1   2,1,1,1,1,0   
J=-0.00176223443689

Cluster 370
1,2,2,1,1,0   1,1,3,1,1,1   1,2,1,1,1,0   
J=-0.00176223443689

Cluster 371
1,2,2,1,1,0   1,2,1,1,1,1   1,1,3,1,1,0   
J=-0.00176223443689

Cluster 372
2,2,1,1,1,0   1,3,1,1,1,1   2,1,2,1,1,0   
J=-0.00176223443689

Cluster 373
2,2,1,1,1,0   2,1,2,1,1,1   1,3,1,1,1,0   
J=-0.00176223443689

Cluster 374
2,2,1,1,1,0   2,1,1,1,1,1   1,3,1,1,1,0   
J=-0.00176223443689

Cluster 375
2,2,1,1,1,0   1,3,1,1,1,1   2,1,1,1,1,0   
J=-0.00176223443689

Cluster 376
2,1,1,1,1,0   1,1,2,1,1,1   3,1,1,1,1,1   
J=-0.00349224507306

Cluster 377
2,1,1,1,1,0   1,2,1,1,1,1   3,1,1,1,1,1   
J=-0.00349224507306

Cluster 378
1,2,1,1,1,0   1,1,1,1,1,1   2,2,1,1,1,1   
J=-0.00349224507306

Cluster 379
1,1,2,1,1,0   1,1,1,1,1,1   2,1,2,1,1,1   
J=-0.00349224507306

Cluster 380
2,1,2,1,1,0   1,1,2,1,1,1   3,1,1,1,1,1   
J=-0.00349224507306

Cluster 381
2,1,2,1,1,0   1,2,2,1,1,1   3,1,1,1,1,1   
J=-0.00349224507306

Cluster 382
1,2,2,1,1,0   1,1,3,1,1,1   2,2,1,1,1,1   
J=-0.00349224507306

Cluster 383
1,1,2,1,1,0   2,1,1,1,1,1   1,1,3,1,1,1   
J=-0.00349224507306

Cluster 384
2,2,1,1,1,0   1,2,1,1,1,1   3,1,1,1,1,1   
J=-0.00349224507306

Cluster 385
2,2,1,1,1,0   1,2,2,1,1,1   3,1,1,1,1,1   
J=-0.00349224507306

Cluster 386
1,2,2,1,1,0   1,3,1,1,1,1   2,1,2,1,1,1   
J=-0.00349224507306

Cluster 387
1,2,1,1,1,0   2,1,1,1,1,1   1,3,1,1,1,1   
J=-0.00349224507306

Cluster 388
2,1,1,1,1,0   1,1,1,1,1,1   2,2,1,1,1,1   
J=-0.00349224507306

Cluster 389
1,2,1,1,1,0   1,1,2,1,1,1   1,3,1,1,1,1   
J=-0.00349224507306

Cluster 390
1,1,2,1,1,0   1,1,1,1,1,1   1,2,2,1,1,1   
J=-0.00349224507306

Cluster 391
2,1,2,1,1,0   1,1,3,1,1,1   2,2,1,1,1,1   
J=-0.00349224507306

Cluster 392
1,2,2,1,1,0   1,1,2,1,1,1   1,3,1,1,1,1   
J=-0.00349224507306

Cluster 393
1,1,2,1,1,0   1,1,3,1,1,1   1,2,1,1,1,1   
J=-0.00349224507306

Cluster 394
2,1,1,1,1,0   1,1,1,1,1,1   2,1,2,1,1,1   
J=-0.00349224507306

Cluster 395
1,2,1,1,1,0   1,1,1,1,1,1   1,2,2,1,1,1   
J=-0.00349224507306

Cluster 396
2,1,2,1,1,0   2,1,1,1,1,1   1,1,3,1,1,1   
J=-0.00349224507306

Cluster 397
1,2,2,1,1,0   1,1,3,1,1,1   1,2,1,1,1,1   
J=-0.00349224507306

Cluster 398
2,2,1,1,1,0   1,3,1,1,1,1   2,1,2,1,1,1   
J=-0.00349224507306

Cluster 399
2,2,1,1,1,0   2,1,1,1,1,1   1,3,1,1,1,1   
J=-0.00349224507306

Cluster 400
2,1,1,1,1,0   1,1,2,1,1,0   3,1,1,1,1,0   
J=0.0017127216006

Cluster 401
2,1,1,1,1,0   1,2,1,1,1,0   3,1,1,1,1,0   
J=0.0017127216006

Cluster 402
1,2,1,1,1,0   1,1,1,1,1,0   2,2,1,1,1,0   
J=0.0017127216006

Cluster 403
1,1,2,1,1,0   1,1,1,1,1,0   2,1,2,1,1,0   
J=0.0017127216006

Cluster 404
2,1,2,1,1,0   1,1,2,1,1,0   3,1,1,1,1,0   
J=0.0017127216006

Cluster 405
2,1,2,1,1,0   1,2,2,1,1,0   3,1,1,1,1,0   
J=0.0017127216006

Cluster 406
1,2,2,1,1,0   1,1,3,1,1,0   2,2,1,1,1,0   
J=0.0017127216006

Cluster 407
1,1,2,1,1,0   2,1,1,1,1,0   1,1,3,1,1,0   
J=0.0017127216006

Cluster 408
2,2,1,1,1,0   1,2,1,1,1,0   3,1,1,1,1,0   
J=0.0017127216006

Cluster 409
2,2,1,1,1,0   1,2,2,1,1,0   3,1,1,1,1,0   
J=0.0017127216006

Cluster 410
1,2,2,1,1,0   1,3,1,1,1,0   2,1,2,1,1,0   
J=0.0017127216006

Cluster 411
1,2,1,1,1,0   2,1,1,1,1,0   1,3,1,1,1,0   
J=0.0017127216006

Cluster 412
2,1,1,1,1,0   1,1,1,1,1,0   2,2,1,1,1,0   
J=0.0017127216006

Cluster 413
1,2,1,1,1,0   1,1,2,1,1,0   1,3,1,1,1,0   
J=0.0017127216006

Cluster 414
1,1,2,1,1,0   1,1,1,1,1,0   1,2,2,1,1,0   
J=0.0017127216006

Cluster 415
2,1,2,1,1,0   1,1,3,1,1,0   2,2,1,1,1,0   
J=0.0017127216006

Cluster 416
1,2,2,1,1,0   1,1,2,1,1,0   1,3,1,1,1,0   
J=0.0017127216006

Cluster 417
1,1,2,1,1,0   1,1,3,1,1,0   1,2,1,1,1,0   
J=0.0017127216006

Cluster 418
2,1,1,1,1,0   1,1,1,1,1,0   2,1,2,1,1,0   
J=0.0017127216006

Cluster 419
1,2,1,1,1,0   1,1,1,1,1,0   1,2,2,1,1,0   
J=0.0017127216006

Cluster 420
2,1,2,1,1,0   2,1,1,1,1,0   1,1,3,1,1,0   
J=0.0017127216006

Cluster 421
1,2,2,1,1,0   1,1,3,1,1,0   1,2,1,1,1,0   
J=0.0017127216006

Cluster 422
2,2,1,1,1,0   1,3,1,1,1,0   2,1,2,1,1,0   
J=0.0017127216006

Cluster 423
2,2,1,1,1,0   2,1,1,1,1,0   1,3,1,1,1,0   
J=0.0017127216006

Cluster 424
2,1,1,1,1,1   3,1,1,1,1,0   1,2,2,1,1,0   
J=0.00777374829212

Cluster 425
1,2,2,1,1,1   2,2,2,1,1,0   2,1,1,1,1,0   
J=0.00777374829212

Cluster 426
2,1,2,1,1,1   3,1,1,1,1,0   1,2,1,1,1,0   
J=0.00777374829212

Cluster 427
1,2,2,1,1,1   2,2,1,1,1,0   2,1,3,1,1,0   
J=0.00777374829212

Cluster 428
2,2,1,1,1,1   3,1,1,1,1,0   1,1,2,1,1,0   
J=0.00777374829212

Cluster 429
1,2,2,1,1,1   2,1,2,1,1,0   2,3,1,1,1,0   
J=0.00777374829212

Cluster 430
2,1,2,1,1,1   2,2,2,1,1,0   1,2,1,1,1,0   
J=0.00777374829212

Cluster 431
1,2,1,1,1,1   1,3,1,1,1,0   2,1,2,1,1,0   
J=0.00777374829212

Cluster 432
2,1,2,1,1,1   2,2,1,1,1,0   1,2,3,1,1,0   
J=0.00777374829212

Cluster 433
1,2,2,1,1,1   1,3,1,1,1,0   2,1,1,1,1,0   
J=0.00777374829212

Cluster 434
2,2,1,1,1,1   2,2,2,1,1,0   1,1,2,1,1,0   
J=0.00777374829212

Cluster 435
1,1,2,1,1,1   1,1,3,1,1,0   2,2,1,1,1,0   
J=0.00777374829212

Cluster 436
2,2,2,1,1,1   2,2,1,1,1,0   1,1,3,1,1,0   
J=0.00777374829212

Cluster 437
1,1,2,1,1,1   1,1,1,1,1,0   2,2,1,1,1,0   
J=0.00777374829212

Cluster 438
2,2,1,1,1,1   2,1,2,1,1,0   1,3,2,1,1,0   
J=0.00777374829212

Cluster 439
1,2,2,1,1,1   1,1,3,1,1,0   2,1,1,1,1,0   
J=0.00777374829212

Cluster 440
2,2,2,1,1,1   2,1,2,1,1,0   1,3,1,1,1,0   
J=0.00777374829212

Cluster 441
1,2,1,1,1,1   1,1,1,1,1,0   2,1,2,1,1,0   
J=0.00777374829212

Cluster 442
2,2,1,1,1,1   1,3,1,1,1,0   1,1,2,1,1,0   
J=0.00777374829212

Cluster 443
2,1,2,1,1,1   1,2,2,1,1,0   3,2,1,1,1,0   
J=0.00777374829212

Cluster 444
2,1,2,1,1,1   1,1,3,1,1,0   1,2,1,1,1,0   
J=0.00777374829212

Cluster 445
2,2,1,1,1,1   1,2,2,1,1,0   3,1,2,1,1,0   
J=0.00777374829212

Cluster 446
2,1,1,1,1,1   1,1,1,1,1,0   1,2,2,1,1,0   
J=0.00777374829212

Cluster 447
2,2,2,1,1,1   1,2,2,1,1,0   3,1,1,1,1,0   
J=0.00777374829212

Cluster 448
2,1,1,1,1,0   3,1,1,1,1,0   1,2,2,1,1,1   
J=0.00072519994438

Cluster 449
1,2,2,1,1,0   2,2,2,1,1,0   2,1,1,1,1,1   
J=0.00072519994438

Cluster 450
2,1,2,1,1,0   3,1,1,1,1,0   1,2,1,1,1,1   
J=0.00072519994438

Cluster 451
1,2,2,1,1,0   2,2,1,1,1,0   2,1,3,1,1,1   
J=0.00072519994438

Cluster 452
2,2,1,1,1,0   3,1,1,1,1,0   1,1,2,1,1,1   
J=0.00072519994438

Cluster 453
1,2,2,1,1,0   2,1,2,1,1,0   2,3,1,1,1,1   
J=0.00072519994438

Cluster 454
2,1,2,1,1,0   2,2,2,1,1,0   1,2,1,1,1,1   
J=0.00072519994438

Cluster 455
1,2,1,1,1,0   1,3,1,1,1,0   2,1,2,1,1,1   
J=0.00072519994438

Cluster 456
2,1,2,1,1,0   2,2,1,1,1,0   1,2,3,1,1,1   
J=0.00072519994438

Cluster 457
1,2,2,1,1,0   1,3,1,1,1,0   2,1,1,1,1,1   
J=0.00072519994438

Cluster 458
2,2,1,1,1,0   2,2,2,1,1,0   1,1,2,1,1,1   
J=0.00072519994438

Cluster 459
1,1,2,1,1,0   1,1,3,1,1,0   2,2,1,1,1,1   
J=0.00072519994438

Cluster 460
2,2,2,1,1,0   2,2,1,1,1,0   1,1,3,1,1,1   
J=0.00072519994438

Cluster 461
1,1,2,1,1,0   1,1,1,1,1,0   2,2,1,1,1,1   
J=0.00072519994438

Cluster 462
2,2,1,1,1,0   2,1,2,1,1,0   1,3,2,1,1,1   
J=0.00072519994438

Cluster 463
1,2,2,1,1,0   1,1,3,1,1,0   2,1,1,1,1,1   
J=0.00072519994438

Cluster 464
2,2,2,1,1,0   2,1,2,1,1,0   1,3,1,1,1,1   
J=0.00072519994438

Cluster 465
1,2,1,1,1,0   1,1,1,1,1,0   2,1,2,1,1,1   
J=0.00072519994438

Cluster 466
2,2,1,1,1,0   1,3,1,1,1,0   1,1,2,1,1,1   
J=0.00072519994438

Cluster 467
2,1,2,1,1,0   1,2,2,1,1,0   3,2,1,1,1,1   
J=0.00072519994438

Cluster 468
2,1,2,1,1,0   1,1,3,1,1,0   1,2,1,1,1,1   
J=0.00072519994438

Cluster 469
2,2,1,1,1,0   1,2,2,1,1,0   3,1,2,1,1,1   
J=0.00072519994438

Cluster 470
2,1,1,1,1,0   1,1,1,1,1,0   1,2,2,1,1,1   
J=0.00072519994438

Cluster 471
2,2,2,1,1,0   1,2,2,1,1,0   3,1,1,1,1,1   
J=0.00072519994438

Cluster 472
2,1,1,1,1,1   3,1,1,1,1,0   1,2,2,1,1,1   
J=-0.0109699117807

Cluster 473
1,2,2,1,1,1   2,2,2,1,1,0   2,1,1,1,1,1   
J=-0.0109699117807

Cluster 474
2,1,2,1,1,1   3,1,1,1,1,0   1,2,1,1,1,1   
J=-0.0109699117807

Cluster 475
1,2,2,1,1,1   2,2,1,1,1,0   2,1,3,1,1,1   
J=-0.0109699117807

Cluster 476
2,2,1,1,1,1   3,1,1,1,1,0   1,1,2,1,1,1   
J=-0.0109699117807

Cluster 477
1,2,2,1,1,1   2,1,2,1,1,0   2,3,1,1,1,1   
J=-0.0109699117807

Cluster 478
2,1,2,1,1,1   2,2,2,1,1,0   1,2,1,1,1,1   
J=-0.0109699117807

Cluster 479
1,2,1,1,1,1   1,3,1,1,1,0   2,1,2,1,1,1   
J=-0.0109699117807

Cluster 480
2,1,2,1,1,1   2,2,1,1,1,0   1,2,3,1,1,1   
J=-0.0109699117807

Cluster 481
1,2,2,1,1,1   1,3,1,1,1,0   2,1,1,1,1,1   
J=-0.0109699117807

Cluster 482
2,2,1,1,1,1   2,2,2,1,1,0   1,1,2,1,1,1   
J=-0.0109699117807

Cluster 483
1,1,2,1,1,1   1,1,3,1,1,0   2,2,1,1,1,1   
J=-0.0109699117807

Cluster 484
2,2,2,1,1,1   2,2,1,1,1,0   1,1,3,1,1,1   
J=-0.0109699117807

Cluster 485
1,1,2,1,1,1   1,1,1,1,1,0   2,2,1,1,1,1   
J=-0.0109699117807

Cluster 486
2,2,1,1,1,1   2,1,2,1,1,0   1,3,2,1,1,1   
J=-0.0109699117807

Cluster 487
1,2,2,1,1,1   1,1,3,1,1,0   2,1,1,1,1,1   
J=-0.0109699117807

Cluster 488
2,2,2,1,1,1   2,1,2,1,1,0   1,3,1,1,1,1   
J=-0.0109699117807

Cluster 489
1,2,1,1,1,1   1,1,1,1,1,0   2,1,2,1,1,1   
J=-0.0109699117807

Cluster 490
2,2,1,1,1,1   1,3,1,1,1,0   1,1,2,1,1,1   
J=-0.0109699117807

Cluster 491
2,1,2,1,1,1   1,2,2,1,1,0   3,2,1,1,1,1   
J=-0.0109699117807

Cluster 492
2,1,2,1,1,1   1,1,3,1,1,0   1,2,1,1,1,1   
J=-0.0109699117807

Cluster 493
2,2,1,1,1,1   1,2,2,1,1,0   3,1,2,1,1,1   
J=-0.0109699117807

Cluster 494
2,1,1,1,1,1   1,1,1,1,1,0   1,2,2,1,1,1   
J=-0.0109699117807

Cluster 495
2,2,2,1,1,1   1,2,2,1,1,0   3,1,1,1,1,1   
J=-0.0109699117807

Cluster 496
2,1,1,1,1,0   3,1,1,1,1,1   1,2,2,1,1,1   
J=-0.00102016579471

Cluster 497
1,2,2,1,1,0   2,2,2,1,1,1   2,1,1,1,1,1   
J=-0.00102016579471

Cluster 498
2,1,2,1,1,0   3,1,1,1,1,1   1,2,1,1,1,1   
J=-0.00102016579471

Cluster 499
1,2,2,1,1,0   2,2,1,1,1,1   2,1,3,1,1,1   
J=-0.00102016579471

Cluster 500
2,2,1,1,1,0   3,1,1,1,1,1   1,1,2,1,1,1   
J=-0.00102016579471

Cluster 501
1,2,2,1,1,0   2,1,2,1,1,1   2,3,1,1,1,1   
J=-0.00102016579471

Cluster 502
2,1,2,1,1,0   2,2,2,1,1,1   1,2,1,1,1,1   
J=-0.00102016579471

Cluster 503
1,2,1,1,1,0   1,3,1,1,1,1   2,1,2,1,1,1   
J=-0.00102016579471

Cluster 504
2,1,2,1,1,0   2,2,1,1,1,1   1,2,3,1,1,1   
J=-0.00102016579471

Cluster 505
1,2,2,1,1,0   1,3,1,1,1,1   2,1,1,1,1,1   
J=-0.00102016579471

Cluster 506
2,2,1,1,1,0   2,2,2,1,1,1   1,1,2,1,1,1   
J=-0.00102016579471

Cluster 507
1,1,2,1,1,0   1,1,3,1,1,1   2,2,1,1,1,1   
J=-0.00102016579471

Cluster 508
2,2,2,1,1,0   2,2,1,1,1,1   1,1,3,1,1,1   
J=-0.00102016579471

Cluster 509
1,1,2,1,1,0   1,1,1,1,1,1   2,2,1,1,1,1   
J=-0.00102016579471

Cluster 510
2,2,1,1,1,0   2,1,2,1,1,1   1,3,2,1,1,1   
J=-0.00102016579471

Cluster 511
1,2,2,1,1,0   1,1,3,1,1,1   2,1,1,1,1,1   
J=-0.00102016579471

Cluster 512
2,2,2,1,1,0   2,1,2,1,1,1   1,3,1,1,1,1   
J=-0.00102016579471

Cluster 513
1,2,1,1,1,0   1,1,1,1,1,1   2,1,2,1,1,1   
J=-0.00102016579471

Cluster 514
2,2,1,1,1,0   1,3,1,1,1,1   1,1,2,1,1,1   
J=-0.00102016579471

Cluster 515
2,1,2,1,1,0   1,2,2,1,1,1   3,2,1,1,1,1   
J=-0.00102016579471

Cluster 516
2,1,2,1,1,0   1,1,3,1,1,1   1,2,1,1,1,1   
J=-0.00102016579471

Cluster 517
2,2,1,1,1,0   1,2,2,1,1,1   3,1,2,1,1,1   
J=-0.00102016579471

Cluster 518
2,1,1,1,1,0   1,1,1,1,1,1   1,2,2,1,1,1   
J=-0.00102016579471

Cluster 519
2,2,2,1,1,0   1,2,2,1,1,1   3,1,1,1,1,1   
J=-0.00102016579471

Cluster 520
2,1,1,3,1,1   3,2,2,1,1,0   1,2,3,1,1,0   
J=0.00393586514382

Cluster 521
2,1,1,3,1,1   3,2,2,1,1,0   1,3,2,1,1,0   
J=0.00393586514382

Cluster 522
1,2,1,2,1,1   2,2,1,1,1,0   1,1,1,1,1,0   
J=0.00393586514382

Cluster 523
1,1,2,2,1,1   2,1,2,1,1,0   1,1,1,1,1,0   
J=0.00393586514382

Cluster 524
2,1,1,3,1,1   3,2,1,1,1,0   1,2,2,1,1,0   
J=0.00393586514382

Cluster 525
2,1,1,3,1,1   3,2,1,1,1,0   1,3,2,1,1,0   
J=0.00393586514382

Cluster 526
1,2,1,2,1,1   2,2,1,1,1,0   1,1,3,1,1,0   
J=0.00393586514382

Cluster 527
1,1,1,2,1,1   2,1,1,1,1,0   1,1,3,1,1,0   
J=0.00393586514382

Cluster 528
2,1,1,3,1,1   3,1,2,1,1,0   1,2,2,1,1,0   
J=0.00393586514382

Cluster 529
2,1,1,3,1,1   3,1,2,1,1,0   1,2,3,1,1,0   
J=0.00393586514382

Cluster 530
1,1,2,2,1,1   2,1,2,1,1,0   1,3,1,1,1,0   
J=0.00393586514382

Cluster 531
1,1,1,2,1,1   2,1,1,1,1,0   1,3,1,1,1,0   
J=0.00393586514382

Cluster 532
2,1,1,2,1,1   2,2,1,1,1,0   1,1,1,1,1,0   
J=0.00393586514382

Cluster 533
1,2,1,3,1,1   2,3,2,1,1,0   2,1,3,1,1,0   
J=0.00393586514382

Cluster 534
1,1,2,2,1,1   1,2,2,1,1,0   1,1,1,1,1,0   
J=0.00393586514382

Cluster 535
1,2,1,3,1,1   2,3,2,1,1,0   3,1,2,1,1,0   
J=0.00393586514382

Cluster 536
2,1,1,2,1,1   2,2,1,1,1,0   1,1,3,1,1,0   
J=0.00393586514382

Cluster 537
1,2,1,3,1,1   2,3,1,1,1,0   2,1,2,1,1,0   
J=0.00393586514382

Cluster 538
1,1,1,2,1,1   1,2,1,1,1,0   1,1,3,1,1,0   
J=0.00393586514382

Cluster 539
1,2,1,3,1,1   2,3,1,1,1,0   3,1,2,1,1,0   
J=0.00393586514382

Cluster 540
2,1,1,2,1,1   2,1,2,1,1,0   1,1,1,1,1,0   
J=0.00393586514382

Cluster 541
1,2,1,2,1,1   1,2,2,1,1,0   1,1,1,1,1,0   
J=0.00393586514382

Cluster 542
1,1,2,3,1,1   2,2,3,1,1,0   2,3,1,1,1,0   
J=0.00393586514382

Cluster 543
1,1,2,3,1,1   2,2,3,1,1,0   3,2,1,1,1,0   
J=0.00393586514382

Cluster 544
2,1,1,2,1,1   2,1,1,1,1,0   1,1,3,1,1,0   
J=0.00393586514382

Cluster 545
1,2,1,2,1,1   1,2,1,1,1,0   1,1,3,1,1,0   
J=0.00393586514382

Cluster 546
1,1,1,3,1,1   2,2,1,1,1,0   2,3,2,1,1,0   
J=0.00393586514382

Cluster 547
1,1,1,3,1,1   2,2,1,1,1,0   3,2,2,1,1,0   
J=0.00393586514382

Cluster 548
2,1,1,2,1,1   2,1,2,1,1,0   1,3,1,1,1,0   
J=0.00393586514382

Cluster 549
1,1,2,3,1,1   2,1,3,1,1,0   2,2,1,1,1,0   
J=0.00393586514382

Cluster 550
1,1,1,2,1,1   1,1,2,1,1,0   1,3,1,1,1,0   
J=0.00393586514382

Cluster 551
1,1,2,3,1,1   2,1,3,1,1,0   3,2,1,1,1,0   
J=0.00393586514382

Cluster 552
2,1,1,2,1,1   2,1,1,1,1,0   1,3,1,1,1,0   
J=0.00393586514382

Cluster 553
1,1,1,3,1,1   2,1,2,1,1,0   2,2,3,1,1,0   
J=0.00393586514382

Cluster 554
1,1,2,2,1,1   1,1,2,1,1,0   1,3,1,1,1,0   
J=0.00393586514382

Cluster 555
1,1,1,3,1,1   2,1,2,1,1,0   3,2,2,1,1,0   
J=0.00393586514382

Cluster 556
1,2,1,3,1,1   1,3,2,1,1,0   2,1,2,1,1,0   
J=0.00393586514382

Cluster 557
1,2,1,3,1,1   1,3,2,1,1,0   2,1,3,1,1,0   
J=0.00393586514382

Cluster 558
1,1,2,2,1,1   1,2,2,1,1,0   3,1,1,1,1,0   
J=0.00393586514382

Cluster 559
1,1,1,2,1,1   1,2,1,1,1,0   3,1,1,1,1,0   
J=0.00393586514382

Cluster 560
1,1,2,3,1,1   1,2,3,1,1,0   2,2,1,1,1,0   
J=0.00393586514382

Cluster 561
1,1,2,3,1,1   1,2,3,1,1,0   2,3,1,1,1,0   
J=0.00393586514382

Cluster 562
1,2,1,2,1,1   1,2,2,1,1,0   3,1,1,1,1,0   
J=0.00393586514382

Cluster 563
1,1,1,2,1,1   1,1,2,1,1,0   3,1,1,1,1,0   
J=0.00393586514382

Cluster 564
1,1,1,3,1,1   1,2,2,1,1,0   2,2,3,1,1,0   
J=0.00393586514382

Cluster 565
1,1,1,3,1,1   1,2,2,1,1,0   2,3,2,1,1,0   
J=0.00393586514382

Cluster 566
1,2,1,2,1,1   1,2,1,1,1,0   3,1,1,1,1,0   
J=0.00393586514382

Cluster 567
1,1,2,2,1,1   1,1,2,1,1,0   3,1,1,1,1,0   
J=0.00393586514382

Cluster 568
2,2,1,1,1,1   1,2,1,1,1,0   1,1,3,1,1,0   
J=-0.00420536257181

Cluster 569
1,2,1,1,1,1   2,2,1,1,1,0   1,1,3,1,1,0   
J=-0.00420536257181

Cluster 570
2,1,2,1,1,1   1,1,2,1,1,0   1,3,1,1,1,0   
J=-0.00420536257181

Cluster 571
1,1,2,1,1,1   2,1,2,1,1,0   1,3,1,1,1,0   
J=-0.00420536257181

Cluster 572
2,3,1,1,1,1   1,3,1,1,1,0   2,1,2,1,1,0   
J=-0.00420536257181

Cluster 573
1,3,1,1,1,1   2,3,1,1,1,0   2,1,2,1,1,0   
J=-0.00420536257181

Cluster 574
2,1,3,1,1,1   1,1,3,1,1,0   2,2,1,1,1,0   
J=-0.00420536257181

Cluster 575
1,1,3,1,1,1   2,1,3,1,1,0   2,2,1,1,1,0   
J=-0.00420536257181

Cluster 576
2,2,1,1,1,1   1,2,2,1,1,0   1,1,1,1,1,0   
J=-0.00420536257181

Cluster 577
1,2,2,1,1,1   2,2,1,1,1,0   1,1,1,1,1,0   
J=-0.00420536257181

Cluster 578
2,1,1,1,1,1   1,1,2,1,1,0   1,3,1,1,1,0   
J=-0.00420536257181

Cluster 579
1,1,2,1,1,1   2,1,1,1,1,0   1,3,1,1,1,0   
J=-0.00420536257181

Cluster 580
2,3,1,1,1,1   1,3,2,1,1,0   2,1,2,1,1,0   
J=-0.00420536257181

Cluster 581
1,3,2,1,1,1   2,3,1,1,1,0   2,1,2,1,1,0   
J=-0.00420536257181

Cluster 582
2,1,1,1,1,1   1,1,2,1,1,0   2,2,2,1,1,0   
J=-0.00420536257181

Cluster 583
1,1,2,1,1,1   2,1,1,1,1,0   2,2,2,1,1,0   
J=-0.00420536257181

Cluster 584
2,1,2,1,1,1   1,2,2,1,1,0   1,1,1,1,1,0   
J=-0.00420536257181

Cluster 585
1,2,2,1,1,1   2,1,2,1,1,0   1,1,1,1,1,0   
J=-0.00420536257181

Cluster 586
2,1,1,1,1,1   1,2,1,1,1,0   1,1,3,1,1,0   
J=-0.00420536257181

Cluster 587
1,2,1,1,1,1   2,1,1,1,1,0   1,1,3,1,1,0   
J=-0.00420536257181

Cluster 588
2,1,3,1,1,1   1,2,3,1,1,0   2,2,1,1,1,0   
J=-0.00420536257181

Cluster 589
1,2,3,1,1,1   2,1,3,1,1,0   2,2,1,1,1,0   
J=-0.00420536257181

Cluster 590
2,1,1,1,1,1   1,2,1,1,1,0   2,2,2,1,1,0   
J=-0.00420536257181

Cluster 591
1,2,1,1,1,1   2,1,1,1,1,0   2,2,2,1,1,0   
J=-0.00420536257181

Cluster 592
3,2,1,1,1,1   3,1,1,1,1,0   1,2,2,1,1,0   
J=-0.00420536257181

Cluster 593
3,1,1,1,1,1   3,2,1,1,1,0   1,2,2,1,1,0   
J=-0.00420536257181

Cluster 594
2,2,1,1,1,1   2,1,1,1,1,0   1,1,3,1,1,0   
J=-0.00420536257181

Cluster 595
2,1,1,1,1,1   2,2,1,1,1,0   1,1,3,1,1,0   
J=-0.00420536257181

Cluster 596
1,2,3,1,1,1   1,1,3,1,1,0   2,2,1,1,1,0   
J=-0.00420536257181

Cluster 597
1,1,3,1,1,1   1,2,3,1,1,0   2,2,1,1,1,0   
J=-0.00420536257181

Cluster 598
1,2,2,1,1,1   1,1,2,1,1,0   3,1,1,1,1,0   
J=-0.00420536257181

Cluster 599
1,1,2,1,1,1   1,2,2,1,1,0   3,1,1,1,1,0   
J=-0.00420536257181

Cluster 600
3,2,1,1,1,1   3,1,2,1,1,0   1,2,2,1,1,0   
J=-0.00420536257181

Cluster 601
3,1,2,1,1,1   3,2,1,1,1,0   1,2,2,1,1,0   
J=-0.00420536257181

Cluster 602
2,2,1,1,1,1   2,1,2,1,1,0   1,1,1,1,1,0   
J=-0.00420536257181

Cluster 603
2,1,2,1,1,1   2,2,1,1,1,0   1,1,1,1,1,0   
J=-0.00420536257181

Cluster 604
1,2,1,1,1,1   1,1,2,1,1,0   2,2,2,1,1,0   
J=-0.00420536257181

Cluster 605
1,1,2,1,1,1   1,2,1,1,1,0   2,2,2,1,1,0   
J=-0.00420536257181

Cluster 606
1,2,1,1,1,1   1,1,2,1,1,0   3,1,1,1,1,0   
J=-0.00420536257181

Cluster 607
1,1,2,1,1,1   1,2,1,1,1,0   3,1,1,1,1,0   
J=-0.00420536257181

Cluster 608
3,1,2,1,1,1   3,1,1,1,1,0   1,2,2,1,1,0   
J=-0.00420536257181

Cluster 609
3,1,1,1,1,1   3,1,2,1,1,0   1,2,2,1,1,0   
J=-0.00420536257181

Cluster 610
1,3,2,1,1,1   1,3,1,1,1,0   2,1,2,1,1,0   
J=-0.00420536257181

Cluster 611
1,3,1,1,1,1   1,3,2,1,1,0   2,1,2,1,1,0   
J=-0.00420536257181

Cluster 612
2,1,2,1,1,1   2,1,1,1,1,0   1,3,1,1,1,0   
J=-0.00420536257181

Cluster 613
2,1,1,1,1,1   2,1,2,1,1,0   1,3,1,1,1,0   
J=-0.00420536257181

Cluster 614
1,2,2,1,1,1   1,2,1,1,1,0   3,1,1,1,1,0   
J=-0.00420536257181

Cluster 615
1,2,1,1,1,1   1,2,2,1,1,0   3,1,1,1,1,0   
J=-0.00420536257181

Cluster 616
2,2,1,1,1,0   1,2,1,1,1,0   1,1,3,1,1,1   
J=-0.00637284690849

Cluster 617
2,1,2,1,1,0   1,1,2,1,1,0   1,3,1,1,1,1   
J=-0.00637284690849

Cluster 618
2,3,1,1,1,0   1,3,1,1,1,0   2,1,2,1,1,1   
J=-0.00637284690849

Cluster 619
2,1,3,1,1,0   1,1,3,1,1,0   2,2,1,1,1,1   
J=-0.00637284690849

Cluster 620
2,2,1,1,1,0   1,2,2,1,1,0   1,1,1,1,1,1   
J=-0.00637284690849

Cluster 621
2,1,1,1,1,0   1,1,2,1,1,0   1,3,1,1,1,1   
J=-0.00637284690849

Cluster 622
2,3,1,1,1,0   1,3,2,1,1,0   2,1,2,1,1,1   
J=-0.00637284690849

Cluster 623
2,1,1,1,1,0   1,1,2,1,1,0   2,2,2,1,1,1   
J=-0.00637284690849

Cluster 624
2,1,2,1,1,0   1,2,2,1,1,0   1,1,1,1,1,1   
J=-0.00637284690849

Cluster 625
2,1,1,1,1,0   1,2,1,1,1,0   1,1,3,1,1,1   
J=-0.00637284690849

Cluster 626
2,1,3,1,1,0   1,2,3,1,1,0   2,2,1,1,1,1   
J=-0.00637284690849

Cluster 627
2,1,1,1,1,0   1,2,1,1,1,0   2,2,2,1,1,1   
J=-0.00637284690849

Cluster 628
3,2,1,1,1,0   3,1,1,1,1,0   1,2,2,1,1,1   
J=-0.00637284690849

Cluster 629
2,2,1,1,1,0   2,1,1,1,1,0   1,1,3,1,1,1   
J=-0.00637284690849

Cluster 630
1,2,3,1,1,0   1,1,3,1,1,0   2,2,1,1,1,1   
J=-0.00637284690849

Cluster 631
1,2,2,1,1,0   1,1,2,1,1,0   3,1,1,1,1,1   
J=-0.00637284690849

Cluster 632
3,2,1,1,1,0   3,1,2,1,1,0   1,2,2,1,1,1   
J=-0.00637284690849

Cluster 633
2,2,1,1,1,0   2,1,2,1,1,0   1,1,1,1,1,1   
J=-0.00637284690849

Cluster 634
1,2,1,1,1,0   1,1,2,1,1,0   2,2,2,1,1,1   
J=-0.00637284690849

Cluster 635
1,2,1,1,1,0   1,1,2,1,1,0   3,1,1,1,1,1   
J=-0.00637284690849

Cluster 636
3,1,2,1,1,0   3,1,1,1,1,0   1,2,2,1,1,1   
J=-0.00637284690849

Cluster 637
1,3,2,1,1,0   1,3,1,1,1,0   2,1,2,1,1,1   
J=-0.00637284690849

Cluster 638
2,1,2,1,1,0   2,1,1,1,1,0   1,3,1,1,1,1   
J=-0.00637284690849

Cluster 639
1,2,2,1,1,0   1,2,1,1,1,0   3,1,1,1,1,1   
J=-0.00637284690849

Cluster 640
2,2,1,1,1,0   1,2,1,1,1,0   1,1,3,1,1,0   
J=0.00309743611172

Cluster 641
2,1,2,1,1,0   1,1,2,1,1,0   1,3,1,1,1,0   
J=0.00309743611172

Cluster 642
2,3,1,1,1,0   1,3,1,1,1,0   2,1,2,1,1,0   
J=0.00309743611172

Cluster 643
2,1,3,1,1,0   1,1,3,1,1,0   2,2,1,1,1,0   
J=0.00309743611172

Cluster 644
2,2,1,1,1,0   1,2,2,1,1,0   1,1,1,1,1,0   
J=0.00309743611172

Cluster 645
2,1,1,1,1,0   1,1,2,1,1,0   1,3,1,1,1,0   
J=0.00309743611172

Cluster 646
2,3,1,1,1,0   1,3,2,1,1,0   2,1,2,1,1,0   
J=0.00309743611172

Cluster 647
2,1,1,1,1,0   1,1,2,1,1,0   2,2,2,1,1,0   
J=0.00309743611172

Cluster 648
2,1,2,1,1,0   1,2,2,1,1,0   1,1,1,1,1,0   
J=0.00309743611172

Cluster 649
2,1,1,1,1,0   1,2,1,1,1,0   1,1,3,1,1,0   
J=0.00309743611172

Cluster 650
2,1,3,1,1,0   1,2,3,1,1,0   2,2,1,1,1,0   
J=0.00309743611172

Cluster 651
2,1,1,1,1,0   1,2,1,1,1,0   2,2,2,1,1,0   
J=0.00309743611172

Cluster 652
3,2,1,1,1,0   3,1,1,1,1,0   1,2,2,1,1,0   
J=0.00309743611172

Cluster 653
2,2,1,1,1,0   2,1,1,1,1,0   1,1,3,1,1,0   
J=0.00309743611172

Cluster 654
1,2,3,1,1,0   1,1,3,1,1,0   2,2,1,1,1,0   
J=0.00309743611172

Cluster 655
1,2,2,1,1,0   1,1,2,1,1,0   3,1,1,1,1,0   
J=0.00309743611172

Cluster 656
3,2,1,1,1,0   3,1,2,1,1,0   1,2,2,1,1,0   
J=0.00309743611172

Cluster 657
2,2,1,1,1,0   2,1,2,1,1,0   1,1,1,1,1,0   
J=0.00309743611172

Cluster 658
1,2,1,1,1,0   1,1,2,1,1,0   2,2,2,1,1,0   
J=0.00309743611172

Cluster 659
1,2,1,1,1,0   1,1,2,1,1,0   3,1,1,1,1,0   
J=0.00309743611172

Cluster 660
3,1,2,1,1,0   3,1,1,1,1,0   1,2,2,1,1,0   
J=0.00309743611172

Cluster 661
1,3,2,1,1,0   1,3,1,1,1,0   2,1,2,1,1,0   
J=0.00309743611172

Cluster 662
2,1,2,1,1,0   2,1,1,1,1,0   1,3,1,1,1,0   
J=0.00309743611172

Cluster 663
1,2,2,1,1,0   1,2,1,1,1,0   3,1,1,1,1,0   
J=0.00309743611172

Cluster 664
3,2,1,1,1,1   2,1,2,1,1,0   1,3,1,1,1,0   
J=0.00270546922269

Cluster 665
2,1,2,1,1,1   3,2,1,1,1,0   1,3,1,1,1,0   
J=0.00270546922269

Cluster 666
3,1,2,1,1,1   2,2,1,1,1,0   1,1,3,1,1,0   
J=0.00270546922269

Cluster 667
2,2,1,1,1,1   3,1,2,1,1,0   1,1,3,1,1,0   
J=0.00270546922269

Cluster 668
2,2,2,1,1,1   1,1,3,1,1,0   1,2,1,1,1,0   
J=0.00270546922269

Cluster 669
1,1,3,1,1,1   2,2,2,1,1,0   1,2,1,1,1,0   
J=0.00270546922269

Cluster 670
2,2,2,1,1,1   1,3,1,1,1,0   1,1,2,1,1,0   
J=0.00270546922269

Cluster 671
1,3,1,1,1,1   2,2,2,1,1,0   1,1,2,1,1,0   
J=0.00270546922269

Cluster 672
3,2,1,1,1,1   2,1,2,1,1,0   1,3,2,1,1,0   
J=0.00270546922269

Cluster 673
2,1,2,1,1,1   3,2,1,1,1,0   1,3,2,1,1,0   
J=0.00270546922269

Cluster 674
2,2,2,1,1,1   3,1,1,1,1,0   1,1,2,1,1,0   
J=0.00270546922269

Cluster 675
3,1,1,1,1,1   2,2,2,1,1,0   1,1,2,1,1,0   
J=0.00270546922269

Cluster 676
2,2,1,1,1,1   1,1,2,1,1,0   1,2,3,1,1,0   
J=0.00270546922269

Cluster 677
1,1,2,1,1,1   2,2,1,1,1,0   1,2,3,1,1,0   
J=0.00270546922269

Cluster 678
1,3,2,1,1,1   2,2,1,1,1,0   1,1,3,1,1,0   
J=0.00270546922269

Cluster 679
2,2,1,1,1,1   1,3,2,1,1,0   1,1,3,1,1,0   
J=0.00270546922269

Cluster 680
3,1,2,1,1,1   2,2,1,1,1,0   1,2,3,1,1,0   
J=0.00270546922269

Cluster 681
2,2,1,1,1,1   3,1,2,1,1,0   1,2,3,1,1,0   
J=0.00270546922269

Cluster 682
2,2,2,1,1,1   3,1,1,1,1,0   1,2,1,1,1,0   
J=0.00270546922269

Cluster 683
3,1,1,1,1,1   2,2,2,1,1,0   1,2,1,1,1,0   
J=0.00270546922269

Cluster 684
2,1,2,1,1,1   1,2,1,1,1,0   1,3,2,1,1,0   
J=0.00270546922269

Cluster 685
1,2,1,1,1,1   2,1,2,1,1,0   1,3,2,1,1,0   
J=0.00270546922269

Cluster 686
1,2,3,1,1,1   2,1,2,1,1,0   1,3,1,1,1,0   
J=0.00270546922269

Cluster 687
2,1,2,1,1,1   1,2,3,1,1,0   1,3,1,1,1,0   
J=0.00270546922269

Cluster 688
2,2,2,1,1,1   1,1,3,1,1,0   2,1,1,1,1,0   
J=0.00270546922269

Cluster 689
1,1,3,1,1,1   2,2,2,1,1,0   2,1,1,1,1,0   
J=0.00270546922269

Cluster 690
2,3,1,1,1,1   1,2,2,1,1,0   3,1,1,1,1,0   
J=0.00270546922269

Cluster 691
1,2,2,1,1,1   2,3,1,1,1,0   3,1,1,1,1,0   
J=0.00270546922269

Cluster 692
2,2,1,1,1,1   1,1,2,1,1,0   2,1,3,1,1,0   
J=0.00270546922269

Cluster 693
1,1,2,1,1,1   2,2,1,1,1,0   2,1,3,1,1,0   
J=0.00270546922269

Cluster 694
2,3,1,1,1,1   1,2,2,1,1,0   3,1,2,1,1,0   
J=0.00270546922269

Cluster 695
1,2,2,1,1,1   2,3,1,1,1,0   3,1,2,1,1,0   
J=0.00270546922269

Cluster 696
2,2,2,1,1,1   1,3,1,1,1,0   2,1,1,1,1,0   
J=0.00270546922269

Cluster 697
1,3,1,1,1,1   2,2,2,1,1,0   2,1,1,1,1,0   
J=0.00270546922269

Cluster 698
2,1,3,1,1,1   1,2,2,1,1,0   3,1,1,1,1,0   
J=0.00270546922269

Cluster 699
1,2,2,1,1,1   2,1,3,1,1,0   3,1,1,1,1,0   
J=0.00270546922269

Cluster 700
1,3,2,1,1,1   2,2,1,1,1,0   2,1,3,1,1,0   
J=0.00270546922269

Cluster 701
2,2,1,1,1,1   1,3,2,1,1,0   2,1,3,1,1,0   
J=0.00270546922269

Cluster 702
1,2,2,1,1,1   2,1,1,1,1,0   3,1,2,1,1,0   
J=0.00270546922269

Cluster 703
2,1,1,1,1,1   1,2,2,1,1,0   3,1,2,1,1,0   
J=0.00270546922269

Cluster 704
2,1,2,1,1,1   1,2,1,1,1,0   2,3,1,1,1,0   
J=0.00270546922269

Cluster 705
1,2,1,1,1,1   2,1,2,1,1,0   2,3,1,1,1,0   
J=0.00270546922269

Cluster 706
2,1,3,1,1,1   1,2,2,1,1,0   3,2,1,1,1,0   
J=0.00270546922269

Cluster 707
1,2,2,1,1,1   2,1,3,1,1,0   3,2,1,1,1,0   
J=0.00270546922269

Cluster 708
1,2,3,1,1,1   2,1,2,1,1,0   2,3,1,1,1,0   
J=0.00270546922269

Cluster 709
2,1,2,1,1,1   1,2,3,1,1,0   2,3,1,1,1,0   
J=0.00270546922269

Cluster 710
1,2,2,1,1,1   2,1,1,1,1,0   3,2,1,1,1,0   
J=0.00270546922269

Cluster 711
2,1,1,1,1,1   1,2,2,1,1,0   3,2,1,1,1,0   
J=0.00270546922269

Cluster 712
3,2,1,1,1,1   2,1,2,1,1,0   1,3,1,1,1,1   
J=-0.00536539796584

Cluster 713
2,1,2,1,1,1   3,2,1,1,1,0   1,3,1,1,1,1   
J=-0.00536539796584

Cluster 714
3,1,2,1,1,1   2,2,1,1,1,0   1,1,3,1,1,1   
J=-0.00536539796584

Cluster 715
2,2,1,1,1,1   3,1,2,1,1,0   1,1,3,1,1,1   
J=-0.00536539796584

Cluster 716
2,2,2,1,1,1   1,1,3,1,1,0   1,2,1,1,1,1   
J=-0.00536539796584

Cluster 717
1,1,3,1,1,1   2,2,2,1,1,0   1,2,1,1,1,1   
J=-0.00536539796584

Cluster 718
2,2,2,1,1,1   1,3,1,1,1,0   1,1,2,1,1,1   
J=-0.00536539796584

Cluster 719
1,3,1,1,1,1   2,2,2,1,1,0   1,1,2,1,1,1   
J=-0.00536539796584

Cluster 720
3,2,1,1,1,1   2,1,2,1,1,0   1,3,2,1,1,1   
J=-0.00536539796584

Cluster 721
2,1,2,1,1,1   3,2,1,1,1,0   1,3,2,1,1,1   
J=-0.00536539796584

Cluster 722
2,2,2,1,1,1   3,1,1,1,1,0   1,1,2,1,1,1   
J=-0.00536539796584

Cluster 723
3,1,1,1,1,1   2,2,2,1,1,0   1,1,2,1,1,1   
J=-0.00536539796584

Cluster 724
2,2,1,1,1,1   1,1,2,1,1,0   1,2,3,1,1,1   
J=-0.00536539796584

Cluster 725
1,1,2,1,1,1   2,2,1,1,1,0   1,2,3,1,1,1   
J=-0.00536539796584

Cluster 726
1,3,2,1,1,1   2,2,1,1,1,0   1,1,3,1,1,1   
J=-0.00536539796584

Cluster 727
2,2,1,1,1,1   1,3,2,1,1,0   1,1,3,1,1,1   
J=-0.00536539796584

Cluster 728
3,1,2,1,1,1   2,2,1,1,1,0   1,2,3,1,1,1   
J=-0.00536539796584

Cluster 729
2,2,1,1,1,1   3,1,2,1,1,0   1,2,3,1,1,1   
J=-0.00536539796584

Cluster 730
2,2,2,1,1,1   3,1,1,1,1,0   1,2,1,1,1,1   
J=-0.00536539796584

Cluster 731
3,1,1,1,1,1   2,2,2,1,1,0   1,2,1,1,1,1   
J=-0.00536539796584

Cluster 732
2,1,2,1,1,1   1,2,1,1,1,0   1,3,2,1,1,1   
J=-0.00536539796584

Cluster 733
1,2,1,1,1,1   2,1,2,1,1,0   1,3,2,1,1,1   
J=-0.00536539796584

Cluster 734
1,2,3,1,1,1   2,1,2,1,1,0   1,3,1,1,1,1   
J=-0.00536539796584

Cluster 735
2,1,2,1,1,1   1,2,3,1,1,0   1,3,1,1,1,1   
J=-0.00536539796584

Cluster 736
2,2,2,1,1,1   1,1,3,1,1,0   2,1,1,1,1,1   
J=-0.00536539796584

Cluster 737
1,1,3,1,1,1   2,2,2,1,1,0   2,1,1,1,1,1   
J=-0.00536539796584

Cluster 738
2,3,1,1,1,1   1,2,2,1,1,0   3,1,1,1,1,1   
J=-0.00536539796584

Cluster 739
1,2,2,1,1,1   2,3,1,1,1,0   3,1,1,1,1,1   
J=-0.00536539796584

Cluster 740
2,2,1,1,1,1   1,1,2,1,1,0   2,1,3,1,1,1   
J=-0.00536539796584

Cluster 741
1,1,2,1,1,1   2,2,1,1,1,0   2,1,3,1,1,1   
J=-0.00536539796584

Cluster 742
2,3,1,1,1,1   1,2,2,1,1,0   3,1,2,1,1,1   
J=-0.00536539796584

Cluster 743
1,2,2,1,1,1   2,3,1,1,1,0   3,1,2,1,1,1   
J=-0.00536539796584

Cluster 744
2,2,2,1,1,1   1,3,1,1,1,0   2,1,1,1,1,1   
J=-0.00536539796584

Cluster 745
1,3,1,1,1,1   2,2,2,1,1,0   2,1,1,1,1,1   
J=-0.00536539796584

Cluster 746
2,1,3,1,1,1   1,2,2,1,1,0   3,1,1,1,1,1   
J=-0.00536539796584

Cluster 747
1,2,2,1,1,1   2,1,3,1,1,0   3,1,1,1,1,1   
J=-0.00536539796584

Cluster 748
1,3,2,1,1,1   2,2,1,1,1,0   2,1,3,1,1,1   
J=-0.00536539796584

Cluster 749
2,2,1,1,1,1   1,3,2,1,1,0   2,1,3,1,1,1   
J=-0.00536539796584

Cluster 750
1,2,2,1,1,1   2,1,1,1,1,0   3,1,2,1,1,1   
J=-0.00536539796584

Cluster 751
2,1,1,1,1,1   1,2,2,1,1,0   3,1,2,1,1,1   
J=-0.00536539796584

Cluster 752
2,1,2,1,1,1   1,2,1,1,1,0   2,3,1,1,1,1   
J=-0.00536539796584

Cluster 753
1,2,1,1,1,1   2,1,2,1,1,0   2,3,1,1,1,1   
J=-0.00536539796584

Cluster 754
2,1,3,1,1,1   1,2,2,1,1,0   3,2,1,1,1,1   
J=-0.00536539796584

Cluster 755
1,2,2,1,1,1   2,1,3,1,1,0   3,2,1,1,1,1   
J=-0.00536539796584

Cluster 756
1,2,3,1,1,1   2,1,2,1,1,0   2,3,1,1,1,1   
J=-0.00536539796584

Cluster 757
2,1,2,1,1,1   1,2,3,1,1,0   2,3,1,1,1,1   
J=-0.00536539796584

Cluster 758
1,2,2,1,1,1   2,1,1,1,1,0   3,2,1,1,1,1   
J=-0.00536539796584

Cluster 759
2,1,1,1,1,1   1,2,2,1,1,0   3,2,1,1,1,1   
J=-0.00536539796584

Cluster 760
3,2,1,1,1,1   1,3,1,1,1,1   2,1,1,1,1,1   
J=0.0014837048765

Cluster 761
3,1,2,1,1,1   1,1,3,1,1,1   2,1,1,1,1,1   
J=0.0014837048765

Cluster 762
2,1,3,1,1,1   1,3,2,1,1,1   3,2,1,1,1,1   
J=0.0014837048765

Cluster 763
1,1,2,1,1,1   2,1,3,1,1,1   3,1,1,1,1,1   
J=0.0014837048765

Cluster 764
2,3,1,1,1,1   1,2,3,1,1,1   3,1,2,1,1,1   
J=0.0014837048765

Cluster 765
1,2,1,1,1,1   2,3,1,1,1,1   3,1,1,1,1,1   
J=0.0014837048765

Cluster 766
1,1,3,1,1,1   1,2,1,1,1,1   1,3,2,1,1,1   
J=0.0014837048765

Cluster 767
1,2,3,1,1,1   1,3,1,1,1,1   1,1,2,1,1,1   
J=0.0014837048765

Cluster 768
3,2,1,1,1,0   1,3,1,1,1,0   2,1,1,1,1,0   
J=-0.00548360361142

Cluster 769
3,1,2,1,1,0   1,1,3,1,1,0   2,1,1,1,1,0   
J=-0.00548360361142

Cluster 770
2,1,3,1,1,0   1,3,2,1,1,0   3,2,1,1,1,0   
J=-0.00548360361142

Cluster 771
1,1,2,1,1,0   2,1,3,1,1,0   3,1,1,1,1,0   
J=-0.00548360361142

Cluster 772
2,3,1,1,1,0   1,2,3,1,1,0   3,1,2,1,1,0   
J=-0.00548360361142

Cluster 773
1,2,1,1,1,0   2,3,1,1,1,0   3,1,1,1,1,0   
J=-0.00548360361142

Cluster 774
1,1,3,1,1,0   1,2,1,1,1,0   1,3,2,1,1,0   
J=-0.00548360361142

Cluster 775
1,2,3,1,1,0   1,3,1,1,1,0   1,1,2,1,1,0   
J=-0.00548360361142

Cluster 776
2,1,2,1,1,1   1,2,1,1,1,0   3,2,1,1,1,0   
J=-0.00175167296849

Cluster 777
2,2,1,1,1,1   1,1,2,1,1,0   3,1,2,1,1,0   
J=-0.00175167296849

Cluster 778
2,1,2,1,1,1   1,2,3,1,1,0   3,2,1,1,1,0   
J=-0.00175167296849

Cluster 779
2,2,2,1,1,1   1,1,3,1,1,0   3,1,1,1,1,0   
J=-0.00175167296849

Cluster 780
2,2,1,1,1,1   1,3,2,1,1,0   3,1,2,1,1,0   
J=-0.00175167296849

Cluster 781
2,2,2,1,1,1   1,3,1,1,1,0   3,1,1,1,1,0   
J=-0.00175167296849

Cluster 782
1,2,2,1,1,1   2,1,1,1,1,0   2,3,1,1,1,0   
J=-0.00175167296849

Cluster 783
2,2,1,1,1,1   1,1,2,1,1,0   1,3,2,1,1,0   
J=-0.00175167296849

Cluster 784
1,2,2,1,1,1   2,1,3,1,1,0   2,3,1,1,1,0   
J=-0.00175167296849

Cluster 785
2,2,2,1,1,1   1,1,3,1,1,0   1,3,1,1,1,0   
J=-0.00175167296849

Cluster 786
1,2,2,1,1,1   2,1,1,1,1,0   2,1,3,1,1,0   
J=-0.00175167296849

Cluster 787
2,1,2,1,1,1   1,2,1,1,1,0   1,2,3,1,1,0   
J=-0.00175167296849

Cluster 788
2,1,1,1,1,1   1,1,1,1,1,0   3,1,1,1,1,0   
J=0.0191951861527

Cluster 789
2,1,2,1,1,1   1,1,3,1,1,0   3,1,1,1,1,0   
J=0.0191951861527

Cluster 790
2,2,1,1,1,1   1,3,1,1,1,0   3,1,1,1,1,0   
J=0.0191951861527

Cluster 791
1,2,1,1,1,1   1,1,1,1,1,0   1,3,1,1,1,0   
J=0.0191951861527

Cluster 792
1,2,2,1,1,1   1,1,3,1,1,0   1,3,1,1,1,0   
J=0.0191951861527

Cluster 793
1,1,2,1,1,1   1,1,1,1,1,0   1,1,3,1,1,0   
J=0.0191951861527

Cluster 794
2,1,1,1,1,1   1,1,1,1,1,1   3,1,1,1,1,0   
J=-0.0162162187646

Cluster 795
2,1,1,1,1,1   3,1,1,1,1,1   1,1,1,1,1,0   
J=-0.0162162187646

Cluster 796
2,1,2,1,1,1   1,1,3,1,1,1   3,1,1,1,1,0   
J=-0.0162162187646

Cluster 797
2,1,2,1,1,1   3,1,1,1,1,1   1,1,3,1,1,0   
J=-0.0162162187646

Cluster 798
2,2,1,1,1,1   1,3,1,1,1,1   3,1,1,1,1,0   
J=-0.0162162187646

Cluster 799
2,2,1,1,1,1   3,1,1,1,1,1   1,3,1,1,1,0   
J=-0.0162162187646

Cluster 800
1,2,1,1,1,1   1,1,1,1,1,1   1,3,1,1,1,0   
J=-0.0162162187646

Cluster 801
1,2,1,1,1,1   1,3,1,1,1,1   1,1,1,1,1,0   
J=-0.0162162187646

Cluster 802
1,2,2,1,1,1   1,1,3,1,1,1   1,3,1,1,1,0   
J=-0.0162162187646

Cluster 803
1,2,2,1,1,1   1,3,1,1,1,1   1,1,3,1,1,0   
J=-0.0162162187646

Cluster 804
1,1,2,1,1,1   1,1,1,1,1,1   1,1,3,1,1,0   
J=-0.0162162187646

Cluster 805
1,1,2,1,1,1   1,1,3,1,1,1   1,1,1,1,1,0   
J=-0.0162162187646

Cluster 806
2,1,1,1,1,0   1,1,1,1,1,0   3,1,1,1,1,0   
J=0.00311052661492

Cluster 807
2,1,2,1,1,0   1,1,3,1,1,0   3,1,1,1,1,0   
J=0.00311052661492

Cluster 808
2,2,1,1,1,0   1,3,1,1,1,0   3,1,1,1,1,0   
J=0.00311052661492

Cluster 809
1,2,1,1,1,0   1,1,1,1,1,0   1,3,1,1,1,0   
J=0.00311052661492

Cluster 810
1,2,2,1,1,0   1,1,3,1,1,0   1,3,1,1,1,0   
J=0.00311052661492

Cluster 811
1,1,2,1,1,0   1,1,1,1,1,0   1,1,3,1,1,0   
J=0.00311052661492

Cluster 812
1,2,1,3,1,1   3,1,2,1,1,0   3,3,2,1,1,0   
J=-0.00307445107805

Cluster 813
1,1,2,3,1,1   3,2,1,1,1,0   3,2,3,1,1,0   
J=-0.00307445107805

Cluster 814
1,1,1,2,1,1   1,1,3,1,1,0   3,1,1,1,1,0   
J=-0.00307445107805

Cluster 815
1,1,1,2,1,1   1,3,1,1,1,0   3,1,1,1,1,0   
J=-0.00307445107805

Cluster 816
1,2,2,3,1,1   3,1,3,1,1,0   3,3,1,1,1,0   
J=-0.00307445107805

Cluster 817
1,1,2,2,1,1   1,1,1,1,1,0   3,1,1,1,1,0   
J=-0.00307445107805

Cluster 818
1,1,2,2,1,1   1,3,1,1,1,0   3,1,1,1,1,0   
J=-0.00307445107805

Cluster 819
1,2,1,2,1,1   1,1,1,1,1,0   3,1,1,1,1,0   
J=-0.00307445107805

Cluster 820
1,2,1,2,1,1   1,1,3,1,1,0   3,1,1,1,1,0   
J=-0.00307445107805

Cluster 821
1,1,1,2,1,1   1,1,3,1,1,0   1,3,1,1,1,0   
J=-0.00307445107805

Cluster 822
2,1,1,3,1,1   1,3,2,1,1,0   3,3,2,1,1,0   
J=-0.00307445107805

Cluster 823
1,1,2,3,1,1   2,3,1,1,1,0   2,3,3,1,1,0   
J=-0.00307445107805

Cluster 824
1,1,2,2,1,1   1,1,1,1,1,0   1,3,1,1,1,0   
J=-0.00307445107805

Cluster 825
2,1,2,3,1,1   1,3,3,1,1,0   3,3,1,1,1,0   
J=-0.00307445107805

Cluster 826
2,1,1,3,1,1   1,2,3,1,1,0   3,2,3,1,1,0   
J=-0.00307445107805

Cluster 827
1,2,1,3,1,1   2,1,3,1,1,0   2,3,3,1,1,0   
J=-0.00307445107805

Cluster 828
2,1,2,3,1,1   1,2,3,1,1,0   3,2,1,1,1,0   
J=-0.00307445107805

Cluster 829
1,2,2,3,1,1   2,1,3,1,1,0   2,3,1,1,1,0   
J=-0.00307445107805

Cluster 830
1,2,1,2,1,1   1,1,1,1,1,0   1,1,3,1,1,0   
J=-0.00307445107805

Cluster 831
2,2,1,3,1,1   1,3,3,1,1,0   3,1,3,1,1,0   
J=-0.00307445107805

Cluster 832
2,2,1,3,1,1   1,3,2,1,1,0   3,1,2,1,1,0   
J=-0.00307445107805

Cluster 833
2,1,1,2,1,1   1,1,1,1,1,0   1,3,1,1,1,0   
J=-0.00307445107805

Cluster 834
2,1,1,2,1,1   1,1,3,1,1,0   1,3,1,1,1,0   
J=-0.00307445107805

Cluster 835
2,1,1,2,1,1   1,1,1,1,1,0   1,1,3,1,1,0   
J=-0.00307445107805

Cluster 836
2,1,1,1,1,0   3,1,1,1,1,1   1,1,3,1,1,0   
J=-0.00217859348587

Cluster 837
2,1,1,1,1,0   3,1,1,1,1,1   1,3,1,1,1,0   
J=-0.00217859348587

Cluster 838
1,3,1,1,1,0   2,3,1,1,1,1   2,1,1,1,1,0   
J=-0.00217859348587

Cluster 839
1,1,3,1,1,0   2,1,3,1,1,1   2,1,1,1,1,0   
J=-0.00217859348587

Cluster 840
2,1,2,1,1,0   3,1,1,1,1,1   1,1,1,1,1,0   
J=-0.00217859348587

Cluster 841
2,1,2,1,1,0   3,1,1,1,1,1   1,3,1,1,1,0   
J=-0.00217859348587

Cluster 842
1,3,2,1,1,0   2,3,1,1,1,1   2,1,3,1,1,0   
J=-0.00217859348587

Cluster 843
1,1,2,1,1,0   2,1,1,1,1,1   2,1,3,1,1,0   
J=-0.00217859348587

Cluster 844
2,2,1,1,1,0   3,1,1,1,1,1   1,1,1,1,1,0   
J=-0.00217859348587

Cluster 845
2,2,1,1,1,0   3,1,1,1,1,1   1,1,3,1,1,0   
J=-0.00217859348587

Cluster 846
1,2,3,1,1,0   2,1,3,1,1,1   2,3,1,1,1,0   
J=-0.00217859348587

Cluster 847
1,2,1,1,1,0   2,1,1,1,1,1   2,3,1,1,1,0   
J=-0.00217859348587

Cluster 848
3,1,1,1,1,0   3,2,1,1,1,1   1,2,1,1,1,0   
J=-0.00217859348587

Cluster 849
1,2,1,1,1,0   1,3,1,1,1,1   1,1,3,1,1,0   
J=-0.00217859348587

Cluster 850
1,1,3,1,1,0   1,2,3,1,1,1   1,2,1,1,1,0   
J=-0.00217859348587

Cluster 851
1,2,1,1,1,0   1,3,1,1,1,1   3,1,1,1,1,0   
J=-0.00217859348587

Cluster 852
3,1,2,1,1,0   3,2,1,1,1,1   1,2,3,1,1,0   
J=-0.00217859348587

Cluster 853
1,2,2,1,1,0   1,3,1,1,1,1   1,1,1,1,1,0   
J=-0.00217859348587

Cluster 854
1,1,2,1,1,0   1,2,1,1,1,1   1,2,3,1,1,0   
J=-0.00217859348587

Cluster 855
1,2,2,1,1,0   1,3,1,1,1,1   3,1,1,1,1,0   
J=-0.00217859348587

Cluster 856
3,1,1,1,1,0   3,1,2,1,1,1   1,1,2,1,1,0   
J=-0.00217859348587

Cluster 857
1,3,1,1,1,0   1,3,2,1,1,1   1,1,2,1,1,0   
J=-0.00217859348587

Cluster 858
1,1,2,1,1,0   1,1,3,1,1,1   1,3,1,1,1,0   
J=-0.00217859348587

Cluster 859
1,1,2,1,1,0   1,1,3,1,1,1   3,1,1,1,1,0   
J=-0.00217859348587

Cluster 860
3,1,2,1,1,0   3,1,1,1,1,1   1,1,3,1,1,0   
J=-0.00217859348587

Cluster 861
1,3,2,1,1,0   1,3,1,1,1,1   1,1,3,1,1,0   
J=-0.00217859348587

Cluster 862
1,1,2,1,1,0   1,1,1,1,1,1   1,3,1,1,1,0   
J=-0.00217859348587

Cluster 863
1,1,2,1,1,0   1,1,1,1,1,1   3,1,1,1,1,0   
J=-0.00217859348587

Cluster 864
3,2,1,1,1,0   3,1,2,1,1,1   1,3,2,1,1,0   
J=-0.00217859348587

Cluster 865
1,2,2,1,1,0   1,1,3,1,1,1   1,1,1,1,1,0   
J=-0.00217859348587

Cluster 866
1,2,1,1,1,0   1,1,2,1,1,1   1,3,2,1,1,0   
J=-0.00217859348587

Cluster 867
1,2,2,1,1,0   1,1,3,1,1,1   3,1,1,1,1,0   
J=-0.00217859348587

Cluster 868
3,2,1,1,1,0   3,1,1,1,1,1   1,3,1,1,1,0   
J=-0.00217859348587

Cluster 869
1,2,1,1,1,0   1,1,1,1,1,1   1,1,3,1,1,0   
J=-0.00217859348587

Cluster 870
1,2,3,1,1,0   1,1,3,1,1,1   1,3,1,1,1,0   
J=-0.00217859348587

Cluster 871
1,2,1,1,1,0   1,1,1,1,1,1   3,1,1,1,1,0   
J=-0.00217859348587

Cluster 872
2,2,1,1,1,0   1,3,1,1,1,1   1,1,1,1,1,0   
J=-0.00217859348587

Cluster 873
2,2,1,1,1,0   1,3,1,1,1,1   1,1,3,1,1,0   
J=-0.00217859348587

Cluster 874
2,1,3,1,1,0   1,2,3,1,1,1   3,2,1,1,1,0   
J=-0.00217859348587

Cluster 875
2,1,1,1,1,0   1,2,1,1,1,1   3,2,1,1,1,0   
J=-0.00217859348587

Cluster 876
2,1,2,1,1,0   1,1,3,1,1,1   1,1,1,1,1,0   
J=-0.00217859348587

Cluster 877
2,1,2,1,1,0   1,1,3,1,1,1   1,3,1,1,1,0   
J=-0.00217859348587

Cluster 878
2,3,1,1,1,0   1,3,2,1,1,1   3,1,2,1,1,0   
J=-0.00217859348587

Cluster 879
2,1,1,1,1,0   1,1,2,1,1,1   3,1,2,1,1,0   
J=-0.00217859348587

Cluster 880
2,1,1,1,1,0   1,1,1,1,1,1   1,1,3,1,1,0   
J=-0.00217859348587

Cluster 881
2,1,1,1,1,0   1,1,1,1,1,1   1,3,1,1,1,0   
J=-0.00217859348587

Cluster 882
2,3,1,1,1,0   1,3,1,1,1,1   3,1,1,1,1,0   
J=-0.00217859348587

Cluster 883
2,1,3,1,1,0   1,1,3,1,1,1   3,1,1,1,1,0   
J=-0.00217859348587

Cluster 884
2,1,1,1,1,1   3,1,1,1,1,0   1,1,3,1,1,1   
J=-0.00451938940969

Cluster 885
2,1,1,1,1,1   3,1,1,1,1,0   1,3,1,1,1,1   
J=-0.00451938940969

Cluster 886
1,3,1,1,1,1   2,3,1,1,1,0   2,1,1,1,1,1   
J=-0.00451938940969

Cluster 887
1,1,3,1,1,1   2,1,3,1,1,0   2,1,1,1,1,1   
J=-0.00451938940969

Cluster 888
2,1,2,1,1,1   3,1,1,1,1,0   1,1,1,1,1,1   
J=-0.00451938940969

Cluster 889
2,1,2,1,1,1   3,1,1,1,1,0   1,3,1,1,1,1   
J=-0.00451938940969

Cluster 890
1,3,2,1,1,1   2,3,1,1,1,0   2,1,3,1,1,1   
J=-0.00451938940969

Cluster 891
1,1,2,1,1,1   2,1,1,1,1,0   2,1,3,1,1,1   
J=-0.00451938940969

Cluster 892
2,2,1,1,1,1   3,1,1,1,1,0   1,1,1,1,1,1   
J=-0.00451938940969

Cluster 893
2,2,1,1,1,1   3,1,1,1,1,0   1,1,3,1,1,1   
J=-0.00451938940969

Cluster 894
1,2,3,1,1,1   2,1,3,1,1,0   2,3,1,1,1,1   
J=-0.00451938940969

Cluster 895
1,2,1,1,1,1   2,1,1,1,1,0   2,3,1,1,1,1   
J=-0.00451938940969

Cluster 896
3,1,1,1,1,1   3,2,1,1,1,0   1,2,1,1,1,1   
J=-0.00451938940969

Cluster 897
1,2,1,1,1,1   1,3,1,1,1,0   1,1,3,1,1,1   
J=-0.00451938940969

Cluster 898
1,1,3,1,1,1   1,2,3,1,1,0   1,2,1,1,1,1   
J=-0.00451938940969

Cluster 899
1,2,1,1,1,1   1,3,1,1,1,0   3,1,1,1,1,1   
J=-0.00451938940969

Cluster 900
3,1,2,1,1,1   3,2,1,1,1,0   1,2,3,1,1,1   
J=-0.00451938940969

Cluster 901
1,2,2,1,1,1   1,3,1,1,1,0   1,1,1,1,1,1   
J=-0.00451938940969

Cluster 902
1,1,2,1,1,1   1,2,1,1,1,0   1,2,3,1,1,1   
J=-0.00451938940969

Cluster 903
1,2,2,1,1,1   1,3,1,1,1,0   3,1,1,1,1,1   
J=-0.00451938940969

Cluster 904
3,1,1,1,1,1   3,1,2,1,1,0   1,1,2,1,1,1   
J=-0.00451938940969

Cluster 905
1,3,1,1,1,1   1,3,2,1,1,0   1,1,2,1,1,1   
J=-0.00451938940969

Cluster 906
1,1,2,1,1,1   1,1,3,1,1,0   1,3,1,1,1,1   
J=-0.00451938940969

Cluster 907
1,1,2,1,1,1   1,1,3,1,1,0   3,1,1,1,1,1   
J=-0.00451938940969

Cluster 908
3,1,2,1,1,1   3,1,1,1,1,0   1,1,3,1,1,1   
J=-0.00451938940969

Cluster 909
1,3,2,1,1,1   1,3,1,1,1,0   1,1,3,1,1,1   
J=-0.00451938940969

Cluster 910
1,1,2,1,1,1   1,1,1,1,1,0   1,3,1,1,1,1   
J=-0.00451938940969

Cluster 911
1,1,2,1,1,1   1,1,1,1,1,0   3,1,1,1,1,1   
J=-0.00451938940969

Cluster 912
3,2,1,1,1,1   3,1,2,1,1,0   1,3,2,1,1,1   
J=-0.00451938940969

Cluster 913
1,2,2,1,1,1   1,1,3,1,1,0   1,1,1,1,1,1   
J=-0.00451938940969

Cluster 914
1,2,1,1,1,1   1,1,2,1,1,0   1,3,2,1,1,1   
J=-0.00451938940969

Cluster 915
1,2,2,1,1,1   1,1,3,1,1,0   3,1,1,1,1,1   
J=-0.00451938940969

Cluster 916
3,2,1,1,1,1   3,1,1,1,1,0   1,3,1,1,1,1   
J=-0.00451938940969

Cluster 917
1,2,1,1,1,1   1,1,1,1,1,0   1,1,3,1,1,1   
J=-0.00451938940969

Cluster 918
1,2,3,1,1,1   1,1,3,1,1,0   1,3,1,1,1,1   
J=-0.00451938940969

Cluster 919
1,2,1,1,1,1   1,1,1,1,1,0   3,1,1,1,1,1   
J=-0.00451938940969

Cluster 920
2,2,1,1,1,1   1,3,1,1,1,0   1,1,1,1,1,1   
J=-0.00451938940969

Cluster 921
2,2,1,1,1,1   1,3,1,1,1,0   1,1,3,1,1,1   
J=-0.00451938940969

Cluster 922
2,1,3,1,1,1   1,2,3,1,1,0   3,2,1,1,1,1   
J=-0.00451938940969

Cluster 923
2,1,1,1,1,1   1,2,1,1,1,0   3,2,1,1,1,1   
J=-0.00451938940969

Cluster 924
2,1,2,1,1,1   1,1,3,1,1,0   1,1,1,1,1,1   
J=-0.00451938940969

Cluster 925
2,1,2,1,1,1   1,1,3,1,1,0   1,3,1,1,1,1   
J=-0.00451938940969

Cluster 926
2,3,1,1,1,1   1,3,2,1,1,0   3,1,2,1,1,1   
J=-0.00451938940969

Cluster 927
2,1,1,1,1,1   1,1,2,1,1,0   3,1,2,1,1,1   
J=-0.00451938940969

Cluster 928
2,1,1,1,1,1   1,1,1,1,1,0   1,1,3,1,1,1   
J=-0.00451938940969

Cluster 929
2,1,1,1,1,1   1,1,1,1,1,0   1,3,1,1,1,1   
J=-0.00451938940969

Cluster 930
2,3,1,1,1,1   1,3,1,1,1,0   3,1,1,1,1,1   
J=-0.00451938940969

Cluster 931
2,1,3,1,1,1   1,1,3,1,1,0   3,1,1,1,1,1   
J=-0.00451938940969

Cluster 932
2,1,1,1,1,0   3,1,1,1,1,0   1,1,3,1,1,0   
J=-0.000896811103992

Cluster 933
2,1,1,1,1,0   3,1,1,1,1,0   1,3,1,1,1,0   
J=-0.000896811103992

Cluster 934
1,3,1,1,1,0   2,3,1,1,1,0   2,1,1,1,1,0   
J=-0.000896811103992

Cluster 935
1,1,3,1,1,0   2,1,3,1,1,0   2,1,1,1,1,0   
J=-0.000896811103992

Cluster 936
2,1,2,1,1,0   3,1,1,1,1,0   1,1,1,1,1,0   
J=-0.000896811103992

Cluster 937
2,1,2,1,1,0   3,1,1,1,1,0   1,3,1,1,1,0   
J=-0.000896811103992

Cluster 938
1,3,2,1,1,0   2,3,1,1,1,0   2,1,3,1,1,0   
J=-0.000896811103992

Cluster 939
1,1,2,1,1,0   2,1,1,1,1,0   2,1,3,1,1,0   
J=-0.000896811103992

Cluster 940
2,2,1,1,1,0   3,1,1,1,1,0   1,1,1,1,1,0   
J=-0.000896811103992

Cluster 941
2,2,1,1,1,0   3,1,1,1,1,0   1,1,3,1,1,0   
J=-0.000896811103992

Cluster 942
1,2,3,1,1,0   2,1,3,1,1,0   2,3,1,1,1,0   
J=-0.000896811103992

Cluster 943
1,2,1,1,1,0   2,1,1,1,1,0   2,3,1,1,1,0   
J=-0.000896811103992

Cluster 944
3,1,1,1,1,0   3,2,1,1,1,0   1,2,1,1,1,0   
J=-0.000896811103992

Cluster 945
1,2,1,1,1,0   1,3,1,1,1,0   1,1,3,1,1,0   
J=-0.000896811103992

Cluster 946
1,1,3,1,1,0   1,2,3,1,1,0   1,2,1,1,1,0   
J=-0.000896811103992

Cluster 947
1,2,1,1,1,0   1,3,1,1,1,0   3,1,1,1,1,0   
J=-0.000896811103992

Cluster 948
3,1,2,1,1,0   3,2,1,1,1,0   1,2,3,1,1,0   
J=-0.000896811103992

Cluster 949
1,2,2,1,1,0   1,3,1,1,1,0   1,1,1,1,1,0   
J=-0.000896811103992

Cluster 950
1,1,2,1,1,0   1,2,1,1,1,0   1,2,3,1,1,0   
J=-0.000896811103992

Cluster 951
1,2,2,1,1,0   1,3,1,1,1,0   3,1,1,1,1,0   
J=-0.000896811103992

Cluster 952
3,1,1,1,1,0   3,1,2,1,1,0   1,1,2,1,1,0   
J=-0.000896811103992

Cluster 953
1,3,1,1,1,0   1,3,2,1,1,0   1,1,2,1,1,0   
J=-0.000896811103992

Cluster 954
1,1,2,1,1,0   1,1,3,1,1,0   1,3,1,1,1,0   
J=-0.000896811103992

Cluster 955
1,1,2,1,1,0   1,1,3,1,1,0   3,1,1,1,1,0   
J=-0.000896811103992

Cluster 956
3,1,2,1,1,0   3,1,1,1,1,0   1,1,3,1,1,0   
J=-0.000896811103992

Cluster 957
1,3,2,1,1,0   1,3,1,1,1,0   1,1,3,1,1,0   
J=-0.000896811103992

Cluster 958
1,1,2,1,1,0   1,1,1,1,1,0   1,3,1,1,1,0   
J=-0.000896811103992

Cluster 959
1,1,2,1,1,0   1,1,1,1,1,0   3,1,1,1,1,0   
J=-0.000896811103992

Cluster 960
3,2,1,1,1,0   3,1,2,1,1,0   1,3,2,1,1,0   
J=-0.000896811103992

Cluster 961
1,2,2,1,1,0   1,1,3,1,1,0   1,1,1,1,1,0   
J=-0.000896811103992

Cluster 962
1,2,1,1,1,0   1,1,2,1,1,0   1,3,2,1,1,0   
J=-0.000896811103992

Cluster 963
1,2,2,1,1,0   1,1,3,1,1,0   3,1,1,1,1,0   
J=-0.000896811103992

Cluster 964
3,2,1,1,1,0   3,1,1,1,1,0   1,3,1,1,1,0   
J=-0.000896811103992

Cluster 965
1,2,1,1,1,0   1,1,1,1,1,0   1,1,3,1,1,0   
J=-0.000896811103992

Cluster 966
1,2,3,1,1,0   1,1,3,1,1,0   1,3,1,1,1,0   
J=-0.000896811103992

Cluster 967
1,2,1,1,1,0   1,1,1,1,1,0   3,1,1,1,1,0   
J=-0.000896811103992

Cluster 968
2,2,1,1,1,0   1,3,1,1,1,0   1,1,1,1,1,0   
J=-0.000896811103992

Cluster 969
2,2,1,1,1,0   1,3,1,1,1,0   1,1,3,1,1,0   
J=-0.000896811103992

Cluster 970
2,1,3,1,1,0   1,2,3,1,1,0   3,2,1,1,1,0   
J=-0.000896811103992

Cluster 971
2,1,1,1,1,0   1,2,1,1,1,0   3,2,1,1,1,0   
J=-0.000896811103992

Cluster 972
2,1,2,1,1,0   1,1,3,1,1,0   1,1,1,1,1,0   
J=-0.000896811103992

Cluster 973
2,1,2,1,1,0   1,1,3,1,1,0   1,3,1,1,1,0   
J=-0.000896811103992

Cluster 974
2,3,1,1,1,0   1,3,2,1,1,0   3,1,2,1,1,0   
J=-0.000896811103992

Cluster 975
2,1,1,1,1,0   1,1,2,1,1,0   3,1,2,1,1,0   
J=-0.000896811103992

Cluster 976
2,1,1,1,1,0   1,1,1,1,1,0   1,1,3,1,1,0   
J=-0.000896811103992

Cluster 977
2,1,1,1,1,0   1,1,1,1,1,0   1,3,1,1,1,0   
J=-0.000896811103992

Cluster 978
2,3,1,1,1,0   1,3,1,1,1,0   3,1,1,1,1,0   
J=-0.000896811103992

Cluster 979
2,1,3,1,1,0   1,1,3,1,1,0   3,1,1,1,1,0   
J=-0.000896811103992

Cluster 980
1,1,3,1,1,0   2,2,1,1,1,1   1,1,1,1,1,0   
J=-0.00290018511199

Cluster 981
1,3,1,1,1,0   2,1,2,1,1,1   1,1,1,1,1,0   
J=-0.00290018511199

Cluster 982
3,1,2,1,1,0   3,3,1,1,1,1   1,3,2,1,1,0   
J=-0.00290018511199

Cluster 983
3,2,1,1,1,0   3,1,3,1,1,1   1,2,3,1,1,0   
J=-0.00290018511199

Cluster 984
1,3,1,1,1,0   2,1,1,1,1,1   1,1,3,1,1,0   
J=-0.00290018511199

Cluster 985
3,2,2,1,1,0   3,1,1,1,1,1   1,2,2,1,1,0   
J=-0.00290018511199

Cluster 986
2,3,1,1,1,0   1,3,3,1,1,1   2,1,3,1,1,0   
J=-0.00290018511199

Cluster 987
3,1,1,1,1,0   1,2,2,1,1,1   1,1,1,1,1,0   
J=-0.00290018511199

Cluster 988
2,3,2,1,1,0   1,3,1,1,1,1   2,1,2,1,1,0   
J=-0.00290018511199

Cluster 989
3,1,1,1,1,0   1,2,1,1,1,1   1,1,3,1,1,0   
J=-0.00290018511199

Cluster 990
2,2,3,1,1,0   1,1,3,1,1,1   2,2,1,1,1,0   
J=-0.00290018511199

Cluster 991
3,1,1,1,1,0   1,1,2,1,1,1   1,3,1,1,1,0   
J=-0.00290018511199

Cluster 992
1,1,3,1,1,1   2,2,1,1,1,1   1,1,1,1,1,0   
J=0.00788319904047

Cluster 993
1,1,1,1,1,1   2,2,1,1,1,1   1,1,3,1,1,0   
J=0.00788319904047

Cluster 994
1,3,1,1,1,1   2,1,2,1,1,1   1,1,1,1,1,0   
J=0.00788319904047

Cluster 995
1,1,1,1,1,1   2,1,2,1,1,1   1,3,1,1,1,0   
J=0.00788319904047

Cluster 996
3,1,2,1,1,1   3,3,1,1,1,1   1,3,2,1,1,0   
J=0.00788319904047

Cluster 997
1,3,2,1,1,1   3,3,1,1,1,1   3,1,2,1,1,0   
J=0.00788319904047

Cluster 998
3,2,1,1,1,1   3,1,3,1,1,1   1,2,3,1,1,0   
J=0.00788319904047

Cluster 999
1,2,3,1,1,1   3,1,3,1,1,1   3,2,1,1,1,0   
J=0.00788319904047

Cluster 1000
1,3,1,1,1,1   2,1,1,1,1,1   1,1,3,1,1,0   
J=0.00788319904047

Cluster 1001
1,1,3,1,1,1   2,1,1,1,1,1   1,3,1,1,1,0   
J=0.00788319904047

Cluster 1002
3,2,2,1,1,1   3,1,1,1,1,1   1,2,2,1,1,0   
J=0.00788319904047

Cluster 1003
1,2,2,1,1,1   3,1,1,1,1,1   3,2,2,1,1,0   
J=0.00788319904047

Cluster 1004
2,3,1,1,1,1   1,3,3,1,1,1   2,1,3,1,1,0   
J=0.00788319904047

Cluster 1005
2,1,3,1,1,1   1,3,3,1,1,1   2,3,1,1,1,0   
J=0.00788319904047

Cluster 1006
3,1,1,1,1,1   1,2,2,1,1,1   1,1,1,1,1,0   
J=0.00788319904047

Cluster 1007
1,1,1,1,1,1   1,2,2,1,1,1   3,1,1,1,1,0   
J=0.00788319904047

Cluster 1008
2,3,2,1,1,1   1,3,1,1,1,1   2,1,2,1,1,0   
J=0.00788319904047

Cluster 1009
2,1,2,1,1,1   1,3,1,1,1,1   2,3,2,1,1,0   
J=0.00788319904047

Cluster 1010
3,1,1,1,1,1   1,2,1,1,1,1   1,1,3,1,1,0   
J=0.00788319904047

Cluster 1011
1,1,3,1,1,1   1,2,1,1,1,1   3,1,1,1,1,0   
J=0.00788319904047

Cluster 1012
2,2,3,1,1,1   1,1,3,1,1,1   2,2,1,1,1,0   
J=0.00788319904047

Cluster 1013
2,2,1,1,1,1   1,1,3,1,1,1   2,2,3,1,1,0   
J=0.00788319904047

Cluster 1014
3,1,1,1,1,1   1,1,2,1,1,1   1,3,1,1,1,0   
J=0.00788319904047

Cluster 1015
1,3,1,1,1,1   1,1,2,1,1,1   3,1,1,1,1,0   
J=0.00788319904047

Cluster 1016
1,1,3,1,1,0   2,2,1,1,1,0   1,1,1,1,1,0   
J=0.00413502766175

Cluster 1017
1,3,1,1,1,0   2,1,2,1,1,0   1,1,1,1,1,0   
J=0.00413502766175

Cluster 1018
3,1,2,1,1,0   3,3,1,1,1,0   1,3,2,1,1,0   
J=0.00413502766175

Cluster 1019
3,2,1,1,1,0   3,1,3,1,1,0   1,2,3,1,1,0   
J=0.00413502766175

Cluster 1020
1,3,1,1,1,0   2,1,1,1,1,0   1,1,3,1,1,0   
J=0.00413502766175

Cluster 1021
3,2,2,1,1,0   3,1,1,1,1,0   1,2,2,1,1,0   
J=0.00413502766175

Cluster 1022
2,3,1,1,1,0   1,3,3,1,1,0   2,1,3,1,1,0   
J=0.00413502766175

Cluster 1023
3,1,1,1,1,0   1,2,2,1,1,0   1,1,1,1,1,0   
J=0.00413502766175

Cluster 1024
2,3,2,1,1,0   1,3,1,1,1,0   2,1,2,1,1,0   
J=0.00413502766175

Cluster 1025
3,1,1,1,1,0   1,2,1,1,1,0   1,1,3,1,1,0   
J=0.00413502766175

Cluster 1026
2,2,3,1,1,0   1,1,3,1,1,0   2,2,1,1,1,0   
J=0.00413502766175

Cluster 1027
3,1,1,1,1,0   1,1,2,1,1,0   1,3,1,1,1,0   
J=0.00413502766175

Cluster 1028
3,1,1,1,1,1   1,1,1,1,1,1   1,1,3,1,1,0   
J=0.00888645646368

Cluster 1029
3,1,1,1,1,1   1,1,3,1,1,1   1,1,1,1,1,0   
J=0.00888645646368

Cluster 1030
1,1,3,1,1,1   1,1,1,1,1,1   3,1,1,1,1,0   
J=0.00888645646368

Cluster 1031
3,1,1,1,1,1   1,1,1,1,1,1   1,3,1,1,1,0   
J=0.00888645646368

Cluster 1032
3,1,1,1,1,1   1,3,1,1,1,1   1,1,1,1,1,0   
J=0.00888645646368

Cluster 1033
1,3,1,1,1,1   1,1,1,1,1,1   3,1,1,1,1,0   
J=0.00888645646368

Cluster 1034
3,3,1,1,1,1   1,3,1,1,1,1   3,1,1,1,1,0   
J=0.00888645646368

Cluster 1035
3,1,1,1,1,1   1,3,1,1,1,1   3,3,1,1,1,0   
J=0.00888645646368

Cluster 1036
3,3,1,1,1,1   3,1,1,1,1,1   1,3,1,1,1,0   
J=0.00888645646368

Cluster 1037
3,1,3,1,1,1   1,1,3,1,1,1   3,1,1,1,1,0   
J=0.00888645646368

Cluster 1038
3,1,1,1,1,1   1,1,3,1,1,1   3,1,3,1,1,0   
J=0.00888645646368

Cluster 1039
3,1,3,1,1,1   3,1,1,1,1,1   1,1,3,1,1,0   
J=0.00888645646368

Cluster 1040
3,1,1,1,1,1   1,1,3,1,1,1   1,3,1,1,1,0   
J=0.00888645646368

Cluster 1041
1,3,1,1,1,1   1,1,3,1,1,1   3,1,1,1,1,0   
J=0.00888645646368

Cluster 1042
3,1,1,1,1,1   1,3,1,1,1,1   1,1,3,1,1,0   
J=0.00888645646368

Cluster 1043
3,3,1,1,1,1   1,3,3,1,1,1   3,1,3,1,1,0   
J=0.00888645646368

Cluster 1044
3,3,1,1,1,1   3,1,3,1,1,1   1,3,3,1,1,0   
J=0.00888645646368

Cluster 1045
3,1,3,1,1,1   1,3,3,1,1,1   3,3,1,1,1,0   
J=0.00888645646368

Cluster 1046
1,3,1,1,1,1   1,1,1,1,1,1   1,1,3,1,1,0   
J=0.00888645646368

Cluster 1047
1,3,1,1,1,1   1,1,3,1,1,1   1,1,1,1,1,0   
J=0.00888645646368

Cluster 1048
1,1,3,1,1,1   1,1,1,1,1,1   1,3,1,1,1,0   
J=0.00888645646368

Cluster 1049
1,3,3,1,1,1   1,1,3,1,1,1   1,3,1,1,1,0   
J=0.00888645646368

Cluster 1050
1,3,1,1,1,1   1,1,3,1,1,1   1,3,3,1,1,0   
J=0.00888645646368

Cluster 1051
1,3,3,1,1,1   1,3,1,1,1,1   1,1,3,1,1,0   
J=0.00888645646368

Cluster 1052
3,1,1,1,1,1   1,1,1,1,1,1   1,1,3,1,1,1   
J=-0.020313677369

Cluster 1053
3,1,1,1,1,1   1,1,1,1,1,1   1,3,1,1,1,1   
J=-0.020313677369

Cluster 1054
3,3,1,1,1,1   1,3,1,1,1,1   3,1,1,1,1,1   
J=-0.020313677369

Cluster 1055
3,1,3,1,1,1   1,1,3,1,1,1   3,1,1,1,1,1   
J=-0.020313677369

Cluster 1056
3,1,1,1,1,1   1,1,3,1,1,1   1,3,1,1,1,1   
J=-0.020313677369

Cluster 1057
3,3,1,1,1,1   1,3,3,1,1,1   3,1,3,1,1,1   
J=-0.020313677369

Cluster 1058
1,3,1,1,1,1   1,1,1,1,1,1   1,1,3,1,1,1   
J=-0.020313677369

Cluster 1059
1,3,3,1,1,1   1,1,3,1,1,1   1,3,1,1,1,1   
J=-0.020313677369

Cluster 1060
3,1,1,1,1,0   1,1,1,1,1,0   1,1,3,1,1,0   
J=-0.00132719083767

Cluster 1061
3,1,1,1,1,0   1,1,1,1,1,0   1,3,1,1,1,0   
J=-0.00132719083767

Cluster 1062
3,3,1,1,1,0   1,3,1,1,1,0   3,1,1,1,1,0   
J=-0.00132719083767

Cluster 1063
3,1,3,1,1,0   1,1,3,1,1,0   3,1,1,1,1,0   
J=-0.00132719083767

Cluster 1064
3,1,1,1,1,0   1,1,3,1,1,0   1,3,1,1,1,0   
J=-0.00132719083767

Cluster 1065
3,3,1,1,1,0   1,3,3,1,1,0   3,1,3,1,1,0   
J=-0.00132719083767

Cluster 1066
1,3,1,1,1,0   1,1,1,1,1,0   1,1,3,1,1,0   
J=-0.00132719083767

Cluster 1067
1,3,3,1,1,0   1,1,3,1,1,0   1,3,1,1,1,0   
J=-0.00132719083767

Cluster 1068
1,1,1,1,1,1   2,1,1,1,1,0   1,1,2,1,1,0   1,2,1,1,1,0   
J=-0.00393232630852

Cluster 1069
1,1,2,1,1,1   2,1,1,1,1,0   1,1,1,1,1,0   1,2,1,1,1,0   
J=-0.00393232630852

Cluster 1070
1,2,1,1,1,1   2,1,1,1,1,0   1,1,1,1,1,0   1,1,2,1,1,0   
J=-0.00393232630852

Cluster 1071
2,1,1,1,1,1   1,2,1,1,1,0   1,1,1,1,1,0   1,1,2,1,1,0   
J=-0.00393232630852

Cluster 1072
1,2,2,1,1,1   2,2,2,1,1,0   2,1,2,1,1,0   2,2,1,1,1,0   
J=-0.00393232630852

Cluster 1073
2,1,2,1,1,1   2,2,2,1,1,0   1,2,2,1,1,0   2,2,1,1,1,0   
J=-0.00393232630852

Cluster 1074
2,2,1,1,1,1   2,2,2,1,1,0   1,2,2,1,1,0   2,1,2,1,1,0   
J=-0.00393232630852

Cluster 1075
2,2,2,1,1,1   2,2,1,1,1,0   1,2,2,1,1,0   2,1,2,1,1,0   
J=-0.00393232630852

Cluster 1076
1,1,1,1,1,1   2,1,1,1,1,1   1,1,2,1,1,0   1,2,1,1,1,0   
J=0.00404466699325

Cluster 1077
1,1,2,1,1,1   2,1,1,1,1,1   1,1,1,1,1,0   1,2,1,1,1,0   
J=0.00404466699325

Cluster 1078
1,2,1,1,1,1   2,1,1,1,1,1   1,1,1,1,1,0   1,1,2,1,1,0   
J=0.00404466699325

Cluster 1079
1,1,1,1,1,1   1,2,1,1,1,1   1,1,2,1,1,0   2,1,1,1,1,0   
J=0.00404466699325

Cluster 1080
1,1,2,1,1,1   1,2,1,1,1,1   1,1,1,1,1,0   2,1,1,1,1,0   
J=0.00404466699325

Cluster 1081
1,1,1,1,1,1   1,1,2,1,1,1   1,2,1,1,1,0   2,1,1,1,1,0   
J=0.00404466699325

Cluster 1082
1,2,2,1,1,1   2,2,2,1,1,1   2,1,2,1,1,0   2,2,1,1,1,0   
J=0.00404466699325

Cluster 1083
1,2,2,1,1,1   2,2,1,1,1,1   2,1,2,1,1,0   2,2,2,1,1,0   
J=0.00404466699325

Cluster 1084
1,2,2,1,1,1   2,1,2,1,1,1   2,2,1,1,1,0   2,2,2,1,1,0   
J=0.00404466699325

Cluster 1085
2,1,2,1,1,1   2,2,2,1,1,1   1,2,2,1,1,0   2,2,1,1,1,0   
J=0.00404466699325

Cluster 1086
2,1,2,1,1,1   2,2,1,1,1,1   1,2,2,1,1,0   2,2,2,1,1,0   
J=0.00404466699325

Cluster 1087
2,2,1,1,1,1   2,2,2,1,1,1   1,2,2,1,1,0   2,1,2,1,1,0   
J=0.00404466699325

Cluster 1088
1,1,1,1,1,1   2,1,1,1,1,1   1,1,2,1,1,1   1,2,1,1,1,0   
J=-0.041324920358

Cluster 1089
1,1,1,1,1,1   2,1,1,1,1,1   1,2,1,1,1,1   1,1,2,1,1,0   
J=-0.041324920358

Cluster 1090
1,1,2,1,1,1   2,1,1,1,1,1   1,2,1,1,1,1   1,1,1,1,1,0   
J=-0.041324920358

Cluster 1091
1,1,1,1,1,1   1,2,1,1,1,1   1,1,2,1,1,1   2,1,1,1,1,0   
J=-0.041324920358

Cluster 1092
1,2,2,1,1,1   2,2,2,1,1,1   2,1,2,1,1,1   2,2,1,1,1,0   
J=-0.041324920358

Cluster 1093
1,2,2,1,1,1   2,2,2,1,1,1   2,2,1,1,1,1   2,1,2,1,1,0   
J=-0.041324920358

Cluster 1094
1,2,2,1,1,1   2,2,1,1,1,1   2,1,2,1,1,1   2,2,2,1,1,0   
J=-0.041324920358

Cluster 1095
2,1,2,1,1,1   2,2,2,1,1,1   2,2,1,1,1,1   1,2,2,1,1,0   
J=-0.041324920358

Cluster 1096
1,1,1,1,1,1   2,1,1,1,1,1   1,1,2,1,1,1   1,2,1,1,1,1   
J=0.134547347048

Cluster 1097
1,2,2,1,1,1   2,2,2,1,1,1   2,1,2,1,1,1   2,2,1,1,1,1   
J=0.134547347048

Cluster 1098
1,1,1,1,1,0   2,1,1,1,1,0   1,1,2,1,1,0   1,2,1,1,1,0   
J=-0.0393581594627

Cluster 1099
1,2,2,1,1,0   2,2,2,1,1,0   2,1,2,1,1,0   2,2,1,1,1,0   
J=-0.0393581594627

